#! FIELDS time phi ene
#! SET min_phi -pi
#! SET max_phi pi
 0.000500 -3.138764 -39252.706654
 0.001000 -3.136023 -39252.643341
 0.001500 -3.133443 -39252.896787
 0.002000 -3.131098 -39253.273781
 0.002500 -3.129061 -39253.558210
 0.003000 -3.127400 -39253.581710
 0.003500 -3.126178 -39253.281224
 0.004000 -3.125446 -39252.725720
 0.004500 -3.125246 -39252.101345
 0.005000 -3.125601 -39251.656784
 0.005500 -3.126518 -39251.623110
 0.006000 -3.127984 -39252.132400
 0.006500 -3.129972 -39253.163249
 0.007000 -3.132441 -39254.535731
 0.007500 -3.135339 -39255.961907
 0.008000 -3.138612 -39257.135886
 0.008500 3.140983 -39257.829987
 0.009000 3.137132 -39257.961299
 0.009500 3.133074 -39257.606662
 0.010000 3.128859 -39256.965639
 0.010500 3.124536 -39256.289157
 0.011000 3.120149 -39255.799603
 0.011500 3.115743 -39255.626184
 0.012000 3.111364 -39255.771695
 0.012500 3.107057 -39256.117215
 0.013000 3.102872 -39256.461793
 0.013500 3.098864 -39256.586697
 0.014000 3.095089 -39256.327060
 0.014500 3.091613 -39255.631062
 0.015000 3.088502 -39254.587860
 0.015500 3.085824 -39253.412434
 0.016000 3.083642 -39252.387389
 0.016500 3.082012 -39251.776184
 0.017000 3.080975 -39251.735057
 0.017500 3.080550 -39252.255931
 0.018000 3.080739 -39253.164871
 0.018500 3.081518 -39254.180007
 0.019000 3.082848 -39255.007753
 0.019500 3.084673 -39255.439725
 0.020000 3.086927 -39255.414258
 0.020500 3.089540 -39255.023769
 0.021000 3.092438 -39254.471716
 0.021500 3.095550 -39253.999427
 0.022000 3.098805 -39253.808696
 0.022500 3.102135 -39254.002344
 0.023000 3.105473 -39254.556713
 0.023500 3.108753 -39255.330537
 0.024000 3.111911 -39256.106434
 0.024500 3.114881 -39256.654339
 0.025000 3.117602 -39256.801094
 0.025500 3.120017 -39256.487457
 0.026000 3.122074 -39255.795157
 0.026500 3.123729 -39254.931965
 0.027000 3.124950 -39254.173991
 0.027500 3.125716 -39253.778837
 0.028000 3.126020 -39253.897068
 0.028500 3.125867 -39254.515548
 0.029000 3.125270 -39255.457696
 0.029500 3.124254 -39256.443754
 0.030000 3.122847 -39257.187792
 0.030500 3.121083 -39257.492764
 0.031000 3.118998 -39257.308298
 0.031500 3.116632 -39256.734596
 0.032000 3.114022 -39255.978007
 0.032500 3.111209 -39255.279001
 0.033000 3.108234 -39254.837534
 0.033500 3.105140 -39254.756393
 0.034000 3.101975 -39255.015427
 0.034500 3.098788 -39255.480260
 0.035000 3.095636 -39255.942772
 0.035500 3.092583 -39256.183293
 0.036000 3.089697 -39256.039718
 0.036500 3.087056 -39255.465185
 0.037000 3.084739 -39254.555649
 0.037500 3.082826 -39253.533959
 0.038000 3.081393 -39252.688755
 0.038500 3.080503 -39252.283160
 0.039000 3.080203 -39252.463784
 0.039500 3.080519 -39253.205936
 0.040000 3.081453 -39254.319727
 0.040500 3.082986 -39255.516553
 0.041000 3.085079 -39256.508834
 0.041500 3.087680 -39257.102787
 0.042000 3.090729 -39257.250507
 0.042500 3.094161 -39257.048389
 0.043000 3.097912 -39256.689758
 0.043500 3.101916 -39256.393699
 0.044000 3.106112 -39256.334112
 0.044500 3.110441 -39256.588087
 0.045000 3.114844 -39257.114503
 0.045500 3.119264 -39257.765898
 0.046000 3.123643 -39258.329680
 0.046500 3.127924 -39258.589129
 0.047000 3.132049 -39258.389889
 0.047500 3.135961 -39257.694141
 0.048000 3.139606 -39256.604697
 0.048500 -3.140253 -39255.346480
 0.049000 -3.137291 -39254.204805
 0.049500 -3.134732 -39253.436518
 0.050000 -3.132605 -39253.184600
 0.050500 -3.130931 -39253.430359
 0.051000 -3.129722 -39254.004569
 0.051500 -3.128978 -39254.653752
 0.052000 -3.128692 -39255.133887
 0.052500 -3.128850 -39255.293622
 0.053000 -3.129430 -39255.117436
 0.053500 -3.130404 -39254.718708
 0.054000 -3.131741 -39254.292080
 0.054500 -3.133403 -39254.045618
 0.055000 -3.135351 -39254.134979
 0.055500 -3.137541 -39254.616688
 0.056000 -3.139922 -39255.430462
 0.056500 3.140745 -39256.413312
 0.057000 3.138152 -39257.341566
 0.057500 3.135554 -39257.991773
 0.058000 3.133025 -39258.205858
 0.058500 3.130650 -39257.942705
 0.059000 3.128511 -39257.298263
 0.059500 3.126693 -39256.482684
 0.060000 3.125273 -39255.756173
 0.060500 3.124317 -39255.342283
 0.061000 3.123874 -39255.350178
 0.061500 3.123974 -39255.737657
 0.062000 3.124625 -39256.331180
 0.062500 3.125817 -39256.894461
 0.063000 3.127525 -39257.216448
 0.063500 3.129712 -39257.183648
 0.064000 3.132333 -39256.812084
 0.064500 3.135339 -39256.232941
 0.065000 3.138679 -39255.642972
 0.065500 -3.140883 -39255.239509
 0.066000 -3.137026 -39255.160322
 0.066500 -3.132987 -39255.443791
 0.067000 -3.128816 -39256.017323
 0.067500 -3.124566 -39256.716164
 0.068000 -3.120289 -39257.327763
 0.068500 -3.116044 -39257.651884
 0.069000 -3.111887 -39257.561606
 0.069500 -3.107880 -39257.047492
 0.070000 -3.104083 -39256.228566
 0.070500 -3.100557 -39255.321351
 0.071000 -3.097357 -39254.572796
 0.071500 -3.094536 -39254.177856
 0.072000 -3.092138 -39254.213071
 0.072500 -3.090200 -39254.613268
 0.073000 -3.088750 -39255.201337
 0.073500 -3.087804 -39255.758006
 0.074000 -3.087370 -39256.102307
 0.074500 -3.087445 -39256.151630
 0.075000 -3.088019 -39255.942374
 0.075500 -3.089075 -39255.609166
 0.076000 -3.090587 -39255.334835
 0.076500 -3.092525 -39255.289720
 0.077000 -3.094851 -39255.578291
 0.077500 -3.097525 -39256.206183
 0.078000 -3.100496 -39257.074647
 0.078500 -3.103708 -39258.003304
 0.079000 -3.107096 -39258.776458
 0.079500 -3.110585 -39259.202445
 0.080000 -3.114095 -39259.170972
 0.080500 -3.117536 -39258.690691
 0.081000 -3.120820 -39257.892026
 0.081500 -3.123857 -39256.989452
 0.082000 -3.126565 -39256.212238
 0.082500 -3.128875 -39255.727152
 0.083000 -3.130734 -39255.583013
 0.083500 -3.132104 -39255.699907
 0.084000 -3.132970 -39255.907247
 0.084500 -3.133329 -39256.013939
 0.085000 -3.133193 -39255.881672
 0.085500 -3.132583 -39255.473890
 0.086000 -3.131526 -39254.865810
 0.086500 -3.130053 -39254.216802
 0.087000 -3.128199 -39253.718294
 0.087500 -3.125999 -39253.535180
 0.088000 -3.123491 -39253.757249
 0.088500 -3.120714 -39254.372312
 0.089000 -3.117711 -39255.266729
 0.089500 -3.114528 -39256.253115
 0.090000 -3.111220 -39257.119233
 0.090500 -3.107841 -39257.686651
 0.091000 -3.104457 -39257.863345
 0.091500 -3.101136 -39257.673212
 0.092000 -3.097948 -39257.249667
 0.092500 -3.094967 -39256.791225
 0.093000 -3.092264 -39256.491698
 0.093500 -3.089905 -39256.470019
 0.094000 -3.087949 -39256.727536
 0.094500 -3.086447 -39257.150422
 0.095000 -3.085438 -39257.555825
 0.095500 -3.084949 -39257.762026
 0.096000 -3.084998 -39257.654447
 0.096500 -3.085591 -39257.223967
 0.097000 -3.086725 -39256.567313
 0.097500 -3.088388 -39255.853752
 0.098000 -3.090563 -39255.272164
 0.098500 -3.093223 -39254.975605
 0.099000 -3.096338 -39255.038312
 0.099500 -3.099868 -39255.435242
 0.100000 -3.103764 -39256.048427
 0.100500 -3.107969 -39256.698721
 0.101000 -3.112417 -39257.195814
 0.101500 -3.117030 -39257.394159
 0.102000 -3.121719 -39257.238826
 0.102500 -3.126393 -39256.785458
 0.103000 -3.130953 -39256.184462
 0.103500 -3.135306 -39255.631300
 0.104000 -3.139367 -39255.298504
 0.104500 3.140124 -39255.274397
 0.105000 3.136852 -39255.532941
 0.105500 3.134041 -39255.946492
 0.106000 3.131715 -39256.336300
 0.106500 3.129882 -39256.539511
 0.107000 3.128539 -39256.467025
 0.107500 3.127679 -39256.132410
 0.108000 3.127286 -39255.644873
 0.108500 3.127342 -39255.172269
 0.109000 3.127830 -39254.888290
 0.109500 3.128726 -39254.920235
 0.110000 3.130008 -39255.311187
 0.110500 3.131648 -39256.006021
 0.111000 3.133613 -39256.863980
 0.111500 3.135864 -39257.695447
 0.112000 3.138353 -39258.314146
 0.112500 3.141026 -39258.591188
 0.113000 -3.139370 -39258.494613
 0.113500 -3.136538 -39258.099989
 0.114000 -3.133744 -39257.565404
 0.114500 -3.131074 -39257.076627
 0.115000 -3.128610 -39256.780889
 0.115500 -3.126432 -39256.734191
 0.116000 -3.124613 -39256.883057
 0.116500 -3.123213 -39257.087945
 0.117000 -3.122281 -39257.178357
 0.117500 -3.121851 -39257.017473
 0.118000 -3.121946 -39256.552054
 0.118500 -3.122577 -39255.831433
 0.119000 -3.123745 -39254.992118
 0.119500 -3.125444 -39254.216219
 0.120000 -3.127659 -39253.678361
 0.120500 -3.130368 -39253.496808
 0.121000 -3.133542 -39253.701421
 0.121500 -3.137145 -39254.226026
 0.122000 -3.141131 -39254.926946
 0.122500 3.137742 -39255.623461
 0.123000 3.133169 -39256.150274
 0.123500 3.128416 -39256.407496
 0.124000 3.123571 -39256.392208
 0.124500 3.118727 -39256.199237
 0.125000 3.113982 -39255.988007
 0.125500 3.109430 -39255.924726
 0.126000 3.105155 -39256.119964
 0.126500 3.101229 -39256.585163
 0.127000 3.097708 -39257.225203
 0.127500 3.094633 -39257.870119
 0.128000 3.092031 -39258.333548
 0.128500 3.089917 -39258.475704
 0.129000 3.088300 -39258.248468
 0.129500 3.087181 -39257.708705
 0.130000 3.086560 -39256.998185
 0.130500 3.086432 -39256.299262
 0.131000 3.086794 -39255.781285
 0.131500 3.087637 -39255.553220
 0.132000 3.088953 -39255.634720
 0.132500 3.090725 -39255.952549
 0.133000 3.092933 -39256.363271
 0.133500 3.095546 -39256.696766
 0.134000 3.098521 -39256.809579
 0.134500 3.101803 -39256.632432
 0.135000 3.105323 -39256.196540
 0.135500 3.108997 -39255.627402
 0.136000 3.112733 -39255.105244
 0.136500 3.116431 -39254.803699
 0.137000 3.119989 -39254.827948
 0.137500 3.123311 -39255.175530
 0.138000 3.126308 -39255.735368
 0.138500 3.128906 -39256.325853
 0.139000 3.131048 -39256.757450
 0.139500 3.132689 -39256.896294
 0.140000 3.133803 -39256.706383
 0.140500 3.134376 -39256.257556
 0.141000 3.134405 -39255.700004
 0.141500 3.133897 -39255.215837
 0.142000 3.132866 -39254.964195
 0.142500 3.131334 -39255.035466
 0.143000 3.129329 -39255.426204
 0.143500 3.126886 -39256.040542
 0.144000 3.124050 -39256.717534
 0.144500 3.120875 -39257.277700
 0.145000 3.117424 -39257.576618
 0.145500 3.113772 -39257.550160
 0.146000 3.109999 -39257.236492
 0.146500 3.106193 -39256.765650
 0.147000 3.102442 -39256.317597
 0.147500 3.098831 -39256.061103
 0.148000 3.095436 -39256.094114
 0.148500 3.092327 -39256.407381
 0.149000 3.089559 -39256.885651
 0.149500 3.087177 -39257.346870
 0.150000 3.085218 -39257.605053
 0.150500 3.083709 -39257.533618
 0.151000 3.082673 -39257.106760
 0.151500 3.082127 -39256.406155
 0.152000 3.082087 -39255.593498
 0.152500 3.082565 -39254.860362
 0.153000 3.083569 -39254.372072
 0.153500 3.085106 -39254.221817
 0.154000 3.087175 -39254.406678
 0.154500 3.089772 -39254.831043
 0.155000 3.092880 -39255.336109
 0.155500 3.096473 -39255.747888
 0.156000 3.100510 -39255.930948
 0.156500 3.104933 -39255.832355
 0.157000 3.109668 -39255.501495
 0.157500 3.114625 -39255.077317
 0.158000 3.119701 -39254.744475
 0.158500 3.124785 -39254.670879
 0.159000 3.129764 -39254.947363
 0.159500 3.134528 -39255.551679
 0.160000 3.138979 -39256.351566
 0.160500 -3.140153 -39257.147311
 0.161000 -3.136564 -39257.738271
 0.161500 -3.133488 -39257.988450
 0.162000 -3.130959 -39257.867622
 0.162500 -3.128993 -39257.455430
 0.163000 -3.127598 -39256.910342
 0.163500 -3.126770 -39256.416689
 0.164000 -3.126497 -39256.127690
 0.164500 -3.126761 -39256.121051
 0.165000 -3.127538 -39256.378240
 0.165500 -3.128796 -39256.791742
 0.166000 -3.130494 -39257.197717
 0.166500 -3.132584 -39257.425416
 0.167000 -3.135010 -39257.350145
 0.167500 -3.137707 -39256.934744
 0.168000 -3.140602 -39256.246366
 0.168500 3.139565 -39255.441387
 0.169000 3.136503 -39254.720455
 0.169500 3.133471 -39254.265850
 0.170000 3.130542 -39254.181144
 0.170500 3.127784 -39254.454989
 0.171000 3.125256 -39254.964144
 0.171500 3.123015 -39255.516480
 0.172000 3.121112 -39255.918430
 0.172500 3.119594 -39256.041297
 0.173000 3.118502 -39255.862172
 0.173500 3.117875 -39255.466931
 0.174000 3.117747 -39255.017273
 0.174500 3.118148 -39254.696265
 0.175000 3.119102 -39254.650582
 0.175500 3.120625 -39254.946272
 0.176000 3.122728 -39255.549016
 0.176500 3.125410 -39256.332692
 0.177000 3.128657 -39257.113720
 0.177500 3.132443 -39257.701993
 0.178000 3.136721 -39257.955652
 0.178500 3.141429 -39257.824610
 0.179000 -3.136701 -39257.369278
 0.179500 -3.131395 -39256.746172
 0.180000 -3.125951 -39256.161304
 0.180500 -3.120485 -39255.803238
 0.181000 -3.115116 -39255.777585
 0.181500 -3.109957 -39256.067783
 0.182000 -3.105109 -39256.539634
 0.182500 -3.100659 -39256.989953
 0.183000 -3.096676 -39257.220748
 0.183500 -3.093214 -39257.109562
 0.184000 -3.090309 -39256.649783
 0.184500 -3.087987 -39255.948929
 0.185000 -3.086260 -39255.189879
 0.185500 -3.085134 -39254.571550
 0.186000 -3.084605 -39254.249161
 0.186500 -3.084663 -39254.290756
 0.187000 -3.085289 -39254.660050
 0.187500 -3.086459 -39255.228149
 0.188000 -3.088138 -39255.810131
 0.188500 -3.090283 -39256.217263
 0.189000 -3.092840 -39256.311836
 0.189500 -3.095749 -39256.050279
 0.190000 -3.098943 -39255.501317
 0.190500 -3.102350 -39254.830846
 0.191000 -3.105897 -39254.253794
 0.191500 -3.109512 -39253.964793
 0.192000 -3.113121 -39254.070146
 0.192500 -3.116657 -39254.547571
 0.193000 -3.120053 -39255.252197
 0.193500 -3.123242 -39255.968795
 0.194000 -3.126163 -39256.489615
 0.194500 -3.128757 -39256.686499
 0.195000 -3.130968 -39256.550285
 0.195500 -3.132745 -39256.186414
 0.196000 -3.134042 -39255.773306
 0.196500 -3.134821 -39255.501438
 0.197000 -3.135049 -39255.513601
 0.197500 -3.134703 -39255.862656
 0.198000 -3.133769 -39256.495992
 0.198500 -3.132244 -39257.268604
 0.199000 -3.130142 -39257.980685
 0.199500 -3.127491 -39258.430802
 0.200000 -3.124337 -39258.472396
 0.200500 -3.120745 -39258.059230
 0.201000 -3.116796 -39257.265803
 0.201500 -3.112588 -39256.272631
 0.202000 -3.108225 -39255.315527
 0.202500 -3.103817 -39254.611136
 0.203000 -3.099474 -39254.284011
 0.203500 -3.095297 -39254.324363
 0.204000 -3.091377 -39254.596724
 0.204500 -3.087791 -39254.897159
 0.205000 -3.084605 -39255.034970
 0.205500 -3.081871 -39254.904692
 0.206000 -3.079631 -39254.521255
 0.206500 -3.077920 -39254.009465
 0.207000 -3.076763 -39253.557261
 0.207500 -3.076182 -39253.352628
 0.208000 -3.076188 -39253.525081
 0.208500 -3.076788 -39254.107220
 0.209000 -3.077981 -39255.024089
 0.209500 -3.079755 -39256.110797
 0.210000 -3.082088 -39257.153200
 0.210500 -3.084947 -39257.942055
 0.211000 -3.088288 -39258.328654
 0.211500 -3.092057 -39258.267427
 0.212000 -3.096191 -39257.832432
 0.212500 -3.100623 -39257.198415
 0.213000 -3.105280 -39256.586877
 0.213500 -3.110089 -39256.191179
 0.214000 -3.114974 -39256.107079
 0.214500 -3.119860 -39256.297699
 0.215000 -3.124669 -39256.610107
 0.215500 -3.129329 -39256.837869
 0.216000 -3.133766 -39256.802862
 0.216500 -3.137910 -39256.422413
 0.217000 3.141488 -39255.737276
 0.217500 3.138118 -39254.894792
 0.218000 3.135218 -39254.098806
 0.218500 3.132833 -39253.546493
 0.219000 3.131003 -39253.371953
 0.219500 3.129755 -39253.610592
 0.220000 3.129110 -39254.190923
 0.220500 3.129072 -39254.953844
 0.221000 3.129633 -39255.694257
 0.221500 3.130767 -39256.215927
 0.222000 3.132432 -39256.387033
 0.222500 3.134566 -39256.181627
 0.223000 3.137092 -39255.692527
 0.223500 3.139923 -39255.106305
 0.224000 -3.140223 -39254.642667
 0.224500 -3.137074 -39254.475849
 0.225000 -3.133908 -39254.667818
 0.225500 -3.130811 -39255.142864
 0.226000 -3.127861 -39255.716918
 0.226500 -3.125122 -39256.170033
 0.227000 -3.122651 -39256.330634
 0.227500 -3.120499 -39256.137045
 0.228000 -3.118709 -39255.655174
 0.228500 -3.117321 -39255.051372
 0.229000 -3.116373 -39254.535501
 0.229500 -3.115900 -39254.295753
 0.230000 -3.115931 -39254.444438
 0.230500 -3.116492 -39254.987460
 0.231000 -3.117601 -39255.822617
 0.231500 -3.119267 -39256.765529
 0.232000 -3.121489 -39257.596978
 0.232500 -3.124254 -39258.121291
 0.233000 -3.127535 -39258.221997
 0.233500 -3.131295 -39257.898947
 0.234000 -3.135482 -39257.272458
 0.234500 -3.140038 -39256.547531
 0.235000 3.138293 -39255.944587
 0.235500 3.133218 -39255.619220
 0.236000 3.128003 -39255.602917
 0.236500 3.122735 -39255.791880
 0.237000 3.117504 -39255.990788
 0.237500 3.112395 -39255.992934
 0.238000 3.107495 -39255.662209
 0.238500 3.102881 -39254.984442
 0.239000 3.098629 -39254.072186
 0.239500 3.094804 -39253.127130
 0.240000 3.091465 -39252.377920
 0.240500 3.088663 -39252.014900
 0.241000 3.086444 -39252.139526
 0.241500 3.084839 -39252.739222
 0.242000 3.083874 -39253.691460
 0.242500 3.083560 -39254.795056
 0.243000 3.083894 -39255.821908
 0.243500 3.084857 -39256.577973
 0.244000 3.086411 -39256.958450
 0.244500 3.088504 -39256.980150
 0.245000 3.091066 -39256.776773
 0.245500 3.094017 -39256.552397
 0.246000 3.097271 -39256.504342
 0.246500 3.100739 -39256.742657
 0.247000 3.104337 -39257.240219
 0.247500 3.107984 -39257.837479
 0.248000 3.111611 -39258.301938
 0.248500 3.115154 -39258.416870
 0.249000 3.118554 -39258.061907
 0.249500 3.121760 -39257.254974
 0.250000 3.124721 -39256.144611
 0.250500 3.127389 -39254.961791
 0.251000 3.129716 -39253.951541
 0.251500 3.131658 -39253.306600
 0.252000 3.133168 -39253.119982
 0.252500 3.134207 -39253.365901
 0.253000 3.134737 -39253.911401
 0.253500 3.134730 -39254.555207
 0.254000 3.134164 -39255.085174
 0.254500 3.133030 -39255.341059
 0.255000 3.131331 -39255.265725
 0.255500 3.129086 -39254.927299
 0.256000 3.126327 -39254.499977
 0.256500 3.123103 -39254.203766
 0.257000 3.119479 -39254.220642
 0.257500 3.115533 -39254.618758
 0.258000 3.111354 -39255.317929
 0.258500 3.107038 -39256.113905
 0.259000 3.102684 -39256.752514
 0.259500 3.098392 -39257.022129
 0.260000 3.094254 -39256.826912
 0.260500 3.090360 -39256.215256
 0.261000 3.086787 -39255.358854
 0.261500 3.083606 -39254.495787
 0.262000 3.080880 -39253.859618
 0.262500 3.078664 -39253.615730
 0.263000 3.077002 -39253.820077
 0.263500 3.075932 -39254.408117
 0.264000 3.075482 -39255.214936
 0.264500 3.075665 -39256.021813
 0.265000 3.076486 -39256.618875
 0.265500 3.077931 -39256.868801
 0.266000 3.079972 -39256.752729
 0.266500 3.082569 -39256.380777
 0.267000 3.085666 -39255.957535
 0.267500 3.089198 -39255.708424
 0.268000 3.093095 -39255.790934
 0.268500 3.097284 -39256.226129
 0.269000 3.101692 -39256.881550
 0.269500 3.106250 -39257.515533
 0.270000 3.110890 -39257.865140
 0.270500 3.115550 -39257.740974
 0.271000 3.120169 -39257.092148
 0.271500 3.124686 -39256.020545
 0.272000 3.129043 -39254.746100
 0.272500 3.133182 -39253.539949
 0.273000 3.137046 -39252.649154
 0.273500 3.140579 -39252.233594
 0.274000 -3.139461 -39252.329394
 0.274500 -3.136754 -39252.845463
 0.275000 -3.134536 -39253.592915
 0.275500 -3.132849 -39254.340824
 0.276000 -3.131729 -39254.885646
 0.276500 -3.131204 -39255.116170
 0.277000 -3.131286 -39255.053252
 0.277500 -3.131973 -39254.846829
 0.278000 -3.133244 -39254.724558
 0.278500 -3.135062 -39254.904444
 0.279000 -3.137365 -39255.503225
 0.279500 -3.140078 -39256.478141
 0.280000 3.140075 -39257.630172
 0.280500 3.136824 -39258.669243
 0.281000 3.133459 -39259.314430
 0.281500 3.130081 -39259.388045
 0.282000 3.126788 -39258.869050
 0.282500 3.123669 -39257.891778
 0.283000 3.120803 -39256.697677
 0.283500 3.118262 -39255.561187
 0.284000 3.116107 -39254.713838
 0.284500 3.114391 -39254.286058
 0.285000 3.113158 -39254.278870
 0.285500 3.112445 -39254.570222
 0.286000 3.112279 -39254.953866
 0.286500 3.112677 -39255.202638
 0.287000 3.113646 -39255.141305
 0.287500 3.115181 -39254.709280
 0.288000 3.117265 -39253.991453
 0.288500 3.119871 -39253.201224
 0.289000 3.122962 -39252.614008
 0.289500 3.126493 -39252.469707
 0.290000 3.130416 -39252.879777
 0.290500 3.134677 -39253.777852
 0.291000 3.139221 -39254.936978
 0.291500 -3.139196 -39256.047480
 0.292000 -3.134264 -39256.822972
 0.292500 -3.129232 -39257.092243
 0.293000 -3.124163 -39256.845218
 0.293500 -3.119126 -39256.223246
 0.294000 -3.114187 -39255.464620
 0.294500 -3.109415 -39254.827890
 0.295000 -3.104879 -39254.516862
 0.295500 -3.100644 -39254.626098
 0.296000 -3.096777 -39255.118160
 0.296500 -3.093342 -39255.836382
 0.297000 -3.090399 -39256.550186
 0.297500 -3.088003 -39257.023179
 0.298000 -3.086204 -39257.087823
 0.298500 -3.085040 -39256.705360
 0.299000 -3.084539 -39255.989351
 0.299500 -3.084709 -39255.178627
 0.300000 -3.085543 -39254.561634
 0.300500 -3.087009 -39254.374658
 0.301000 -3.089055 -39254.711851
 0.301500 -3.091612 -39255.484840
 0.302000 -3.094591 -39256.450917
 0.302500 -3.097898 -39257.298782
 0.303000 -3.101430 -39257.756271
 0.303500 -3.105087 -39257.677778
 0.304000 -3.108775 -39257.082440
 0.304500 -3.112405 -39256.136266
 0.305000 -3.115897 -39255.092276
 0.305500 -3.119181 -39254.211942
 0.306000 -3.122195 -39253.691887
 0.306500 -3.124884 -39253.613666
 0.307000 -3.127204 -39253.926649
 0.307500 -3.129116 -39254.466548
 0.308000 -3.130590 -39255.005024
 0.308500 -3.131603 -39255.319450
 0.309000 -3.132142 -39255.265257
 0.309500 -3.132201 -39254.830005
 0.310000 -3.131782 -39254.148482
 0.310500 -3.130892 -39253.467946
 0.311000 -3.129547 -39253.068948
 0.311500 -3.127765 -39253.166148
 0.312000 -3.125571 -39253.826338
 0.312500 -3.122996 -39254.937531
 0.313000 -3.120075 -39256.243489
 0.313500 -3.116853 -39257.430001
 0.314000 -3.113381 -39258.227994
 0.314500 -3.109718 -39258.494425
 0.315000 -3.105931 -39258.245135
 0.315500 -3.102088 -39257.634962
 0.316000 -3.098264 -39256.898641
 0.316500 -3.094534 -39256.275020
 0.317000 -3.090973 -39255.937313
 0.317500 -3.087657 -39255.946438
 0.318000 -3.084660 -39256.237308
 0.318500 -3.082054 -39256.640145
 0.319000 -3.079909 -39256.932036
 0.319500 -3.078288 -39256.906735
 0.320000 -3.077248 -39256.444841
 0.320500 -3.076834 -39255.563043
 0.321000 -3.077080 -39254.423340
 0.321500 -3.077998 -39253.293207
 0.322000 -3.079584 -39252.464376
 0.322500 -3.081809 -39252.155717
 0.323000 -3.084625 -39252.436213
 0.323500 -3.087965 -39253.199549
 0.324000 -3.091749 -39254.201948
 0.324500 -3.095887 -39255.148186
 0.325000 -3.100288 -39255.791165
 0.325500 -3.104859 -39256.007480
 0.326000 -3.109514 -39255.825086
 0.326500 -3.114171 -39255.399852
 0.327000 -3.118758 -39254.955360
 0.327500 -3.123206 -39254.708601
 0.328000 -3.127457 -39254.803800
 0.328500 -3.131457 -39255.270790
 0.329000 -3.135157 -39256.016401
 0.329500 -3.138518 -39256.850148
 0.330000 -3.141502 -39257.537902
 0.330500 3.139107 -39257.870965
 0.331000 3.136964 -39257.732438
 0.331500 3.135276 -39257.140756
 0.332000 3.134061 -39256.253608
 0.332500 3.133331 -39255.325795
 0.333000 3.133093 -39254.630289
 0.333500 3.133348 -39254.367504
 0.334000 3.134092 -39254.596030
 0.334500 3.135309 -39255.212675
 0.335000 3.136972 -39255.990785
 0.335500 3.139044 -39256.661649
 0.336000 3.141476 -39257.006558
 0.336500 -3.138979 -39256.925290
 0.337000 -3.136017 -39256.459527
 0.337500 -3.132899 -39255.768957
 0.338000 -3.129702 -39255.073581
 0.338500 -3.126506 -39254.583686
 0.339000 -3.123391 -39254.438125
 0.339500 -3.120439 -39254.666243
 0.340000 -3.117730 -39255.181090
 0.340500 -3.115342 -39255.804838
 0.341000 -3.113351 -39256.319971
 0.341500 -3.111828 -39256.534078
 0.342000 -3.110837 -39256.341418
 0.342500 -3.110432 -39255.762665
 0.343000 -3.110651 -39254.947843
 0.343500 -3.111513 -39254.136699
 0.344000 -3.113020 -39253.584946
 0.344500 -3.115148 -39253.479190
 0.345000 -3.117859 -39253.871452
 0.345500 -3.121092 -39254.659829
 0.346000 -3.124778 -39255.624571
 0.346500 -3.128840 -39256.505561
 0.347000 -3.133196 -39257.090573
 0.347500 -3.137767 -39257.280502
 0.348000 3.140709 -39257.110897
 0.348500 3.135933 -39256.727625
 0.349000 3.131157 -39256.330522
 0.349500 3.126443 -39256.106322
 0.350000 3.121846 -39256.171228
 0.350500 3.117418 -39256.537529
 0.351000 3.113209 -39257.110916
 0.351500 3.109262 -39257.717713
 0.352000 3.105623 -39258.154789
 0.352500 3.102331 -39258.249620
 0.353000 3.099428 -39257.914699
 0.353500 3.096951 -39257.180114
 0.354000 3.094937 -39256.192145
 0.354500 3.093418 -39255.174559
 0.355000 3.092420 -39254.361481
 0.355500 3.091961 -39253.922646
 0.356000 3.092049 -39253.908031
 0.356500 3.092677 -39254.233990
 0.357000 3.093824 -39254.717649
 0.357500 3.095454 -39255.146068
 0.358000 3.097519 -39255.352543
 0.358500 3.099958 -39255.271189
 0.359000 3.102706 -39254.952360
 0.359500 3.105689 -39254.538043
 0.360000 3.108834 -39254.210299
 0.360500 3.112067 -39254.131739
 0.361000 3.115311 -39254.395998
 0.361500 3.118494 -39255.000493
 0.362000 3.121542 -39255.846685
 0.362500 3.124386 -39256.766326
 0.363000 3.126955 -39257.566777
 0.363500 3.129187 -39258.083942
 0.364000 3.131025 -39258.229201
 0.364500 3.132419 -39258.016782
 0.365000 3.133333 -39257.561430
 0.365500 3.133743 -39257.043936
 0.366000 3.133643 -39256.652475
 0.366500 3.133040 -39256.518229
 0.367000 3.131956 -39256.669033
 0.367500 3.130425 -39257.020388
 0.368000 3.128491 -39257.408817
 0.368500 3.126204 -39257.654485
 0.369000 3.123618 -39257.627717
 0.369500 3.120786 -39257.293919
 0.370000 3.117764 -39256.722432
 0.370500 3.114606 -39256.060086
 0.371000 3.111363 -39255.482366
 0.371500 3.108085 -39255.139446
 0.372000 3.104823 -39255.113601
 0.372500 3.101624 -39255.397980
 0.373000 3.098537 -39255.900724
 0.373500 3.095609 -39256.472013
 0.374000 3.092892 -39256.946712
 0.374500 3.090436 -39257.191734
 0.375000 3.088291 -39257.145650
 0.375500 3.086511 -39256.838757
 0.376000 3.085146 -39256.385794
 0.376500 3.084240 -39255.950639
 0.377000 3.083832 -39255.692331
 0.377500 3.083949 -39255.709599
 0.378000 3.084604 -39256.005167
 0.378500 3.085797 -39256.484786
 0.379000 3.087507 -39256.992481
 0.379500 3.089704 -39257.367917
 0.380000 3.092341 -39257.503027
 0.380500 3.095364 -39257.376729
 0.381000 3.098713 -39257.057428
 0.381500 3.102323 -39256.675936
 0.382000 3.106129 -39256.381094
 0.382500 3.110065 -39256.293325
 0.383000 3.114066 -39256.469512
 0.383500 3.118069 -39256.887376
 0.384000 3.122009 -39257.451953
 0.384500 3.125825 -39258.021593
 0.385000 3.129459 -39258.446966
 0.385500 3.132852 -39258.613359
 0.386000 3.135954 -39258.475273
 0.386500 3.138718 -39258.072700
 0.387000 3.141104 -39257.521896
 0.387500 -3.140102 -39256.980473
 0.388000 -3.138550 -39256.595772
 0.388500 -3.137436 -39256.453855
 0.389000 -3.136761 -39256.549070
 0.389500 -3.136514 -39256.787620
 0.390000 -3.136680 -39257.024698
 0.390500 -3.137236 -39257.120152
 0.391000 -3.138150 -39256.990260
 0.391500 -3.139391 -39256.636429
 0.392000 -3.140920 -39256.142716
 0.392500 3.140487 -39255.646392
 0.393000 3.138501 -39255.294012
 0.393500 3.136352 -39255.197659
 0.394000 3.134084 -39255.403478
 0.394500 3.131745 -39255.879646
 0.395000 3.129385 -39256.525521
 0.395500 3.127057 -39257.199016
 0.396000 3.124818 -39257.755340
 0.396500 3.122726 -39258.087546
 0.397000 3.120845 -39258.157948
 0.397500 3.119236 -39258.010258
 0.398000 3.117961 -39257.756357
 0.398500 3.117077 -39257.538941
 0.399000 3.116630 -39257.480587
 0.399500 3.116658 -39257.637263
 0.400000 3.117179 -39257.975109
 0.400500 3.118199 -39258.381251
 0.401000 3.119708 -39258.705081
 0.401500 3.121678 -39258.813348
 0.402000 3.124074 -39258.637125
 0.402500 3.126850 -39258.194093
 0.403000 3.129953 -39257.580634
 0.403500 3.133331 -39256.939848
 0.404000 3.136926 -39256.418052
 0.404500 3.140682 -39256.123749
 0.405000 -3.138642 -39256.099685
 0.405500 -3.134731 -39256.313983
 0.406000 -3.130827 -39256.671369
 0.406500 -3.126984 -39257.041171
 0.407000 -3.123257 -39257.295493
 0.407500 -3.119696 -39257.347976
 0.408000 -3.116354 -39257.182533
 0.408500 -3.113276 -39256.861923
 0.409000 -3.110505 -39256.510602
 0.409500 -3.108079 -39256.274071
 0.410000 -3.106029 -39256.266780
 0.410500 -3.104378 -39256.527728
 0.411000 -3.103145 -39257.002441
 0.411500 -3.102338 -39257.560174
 0.412000 -3.101960 -39258.040090
 0.412500 -3.102006 -39258.307660
 0.413000 -3.102462 -39258.299266
 0.413500 -3.103310 -39258.039772
 0.414000 -3.104526 -39257.629843
 0.414500 -3.106081 -39257.210640
 0.415000 -3.107941 -39256.919343
 0.415500 -3.110068 -39256.849173
 0.416000 -3.112420 -39257.024098
 0.416500 -3.114949 -39257.393528
 0.417000 -3.117605 -39257.847418
 0.417500 -3.120329 -39258.247823
 0.418000 -3.123061 -39258.469403
 0.418500 -3.125732 -39258.438509
 0.419000 -3.128271 -39258.159284
 0.419500 -3.130606 -39257.716809
 0.420000 -3.132667 -39257.252923
 0.420500 -3.134389 -39256.919547
 0.421000 -3.135716 -39256.824446
 0.421500 -3.136606 -39256.990158
 0.422000 -3.137033 -39257.343695
 0.422500 -3.136986 -39257.742480
 0.423000 -3.136470 -39258.026241
 0.423500 -3.135503 -39258.073830
 0.424000 -3.134116 -39257.843296
 0.424500 -3.132344 -39257.382603
 0.425000 -3.130230 -39256.810572
 0.425500 -3.127821 -39256.277769
 0.426000 -3.125163 -39255.921166
 0.426500 -3.122306 -39255.825888
 0.427000 -3.119297 -39256.003133
 0.427500 -3.116187 -39256.388709
 0.428000 -3.113027 -39256.861892
 0.428500 -3.109868 -39257.280114
 0.429000 -3.106762 -39257.521509
 0.429500 -3.103760 -39257.524080
 0.430000 -3.100917 -39257.309453
 0.430500 -3.098283 -39256.980969
 0.431000 -3.095907 -39256.692787
 0.431500 -3.093838 -39256.597097
 0.432000 -3.092116 -39256.787193
 0.432500 -3.090779 -39257.258948
 0.433000 -3.089858 -39257.907738
 0.433500 -3.089375 -39258.563279
 0.434000 -3.089346 -39259.048304
 0.434500 -3.089777 -39259.237549
 0.435000 -3.090668 -39259.095414
 0.435500 -3.092009 -39258.681417
 0.436000 -3.093787 -39258.125570
 0.436500 -3.095979 -39257.585112
 0.437000 -3.098557 -39257.197232
 0.437500 -3.101489 -39257.041037
 0.438000 -3.104735 -39257.117505
 0.438500 -3.108250 -39257.351361
 0.439000 -3.111979 -39257.614159
 0.439500 -3.115862 -39257.763240
 0.440000 -3.119830 -39257.687577
 0.440500 -3.123806 -39257.347661
 0.441000 -3.127708 -39256.796533
 0.441500 -3.131453 -39256.171350
 0.442000 -3.134958 -39255.653820
 0.442500 -3.138147 -39255.409738
 0.443000 -3.140953 -39255.528900
 0.443500 3.139860 -39255.989727
 0.444000 3.137956 -39256.664482
 0.444500 3.136540 -39257.363745
 0.445000 3.135612 -39257.901696
 0.445500 3.135163 -39258.156637
 0.446000 3.135170 -39258.104859
 0.446500 3.135606 -39257.819820
 0.447000 3.136436 -39257.441249
 0.447500 3.137622 -39257.127567
 0.448000 3.139126 -39257.007128
 0.448500 3.140908 -39257.141130
 0.449000 -3.140260 -39257.506561
 0.449500 -3.138051 -39258.002287
 0.450000 -3.135695 -39258.476817
 0.450500 -3.133241 -39258.771776
 0.451000 -3.130738 -39258.770853
 0.451500 -3.128241 -39258.440780
 0.452000 -3.125805 -39257.850019
 0.452500 -3.123490 -39257.155033
 0.453000 -3.121354 -39256.553730
 0.453500 -3.119456 -39256.219106
 0.454000 -3.117852 -39256.237130
 0.454500 -3.116593 -39256.574465
 0.455000 -3.115726 -39257.090602
 0.455500 -3.115287 -39257.589737
 0.456000 -3.115303 -39257.890710
 0.456500 -3.115793 -39257.887379
 0.457000 -3.116766 -39257.578734
 0.457500 -3.118222 -39257.062208
 0.458000 -3.120153 -39256.497213
 0.458500 -3.122543 -39256.053589
 0.459000 -3.125370 -39255.861104
 0.459500 -3.128606 -39255.972898
 0.460000 -3.132212 -39256.350874
 0.460500 -3.136146 -39256.875838
 0.461000 -3.140352 -39257.380234
 0.461500 3.138419 -39257.696595
 0.462000 3.133868 -39257.709963
 0.462500 3.129265 -39257.399361
 0.463000 3.124699 -39256.853053
 0.463500 3.120263 -39256.247828
 0.464000 3.116048 -39255.794116
 0.464500 3.112140 -39255.663425
 0.465000 3.108613 -39255.925182
 0.465500 3.105525 -39256.519514
 0.466000 3.102919 -39257.278303
 0.466500 3.100821 -39257.985820
 0.467000 3.099241 -39258.453534
 0.467500 3.098175 -39258.580064
 0.468000 3.097614 -39258.376609
 0.468500 3.097537 -39257.953750
 0.469000 3.097922 -39257.479147
 0.469500 3.098741 -39257.122393
 0.470000 3.099966 -39257.003692
 0.470500 3.101566 -39257.159114
 0.471000 3.103508 -39257.529882
 0.471500 3.105757 -39257.977707
 0.472000 3.108271 -39258.323064
 0.472500 3.111006 -39258.398164
 0.473000 3.113911 -39258.101651
 0.473500 3.116928 -39257.438616
 0.474000 3.119994 -39256.530424
 0.474500 3.123037 -39255.585726
 0.475000 3.125983 -39254.837299
 0.475500 3.128757 -39254.464667
 0.476000 3.131282 -39254.531963
 0.476500 3.133489 -39254.967161
 0.477000 3.135314 -39255.591843
 0.477500 3.136705 -39256.188648
 0.478000 3.137620 -39256.578181
 0.478500 3.138031 -39256.676109
 0.479000 3.137921 -39256.512705
 0.479500 3.137285 -39256.213401
 0.480000 3.136127 -39255.951640
 0.480500 3.134460 -39255.891394
 0.481000 3.132306 -39256.135887
 0.481500 3.129692 -39256.695004
 0.482000 3.126657 -39257.478315
 0.482500 3.123247 -39258.315286
 0.483000 3.119519 -39258.998856
 0.483500 3.115540 -39259.343117
 0.484000 3.111388 -39259.240775
 0.484500 3.107150 -39258.702723
 0.485000 3.102921 -39257.863742
 0.485500 3.098799 -39256.946616
 0.486000 3.094879 -39256.191834
 0.486500 3.091251 -39255.776072
 0.487000 3.087993 -39255.751187
 0.487500 3.085169 -39256.029682
 0.488000 3.082829 -39256.423054
 0.488500 3.081005 -39256.716171
 0.489000 3.079719 -39256.746571
 0.489500 3.078980 -39256.458666
 0.490000 3.078789 -39255.916804
 0.490500 3.079142 -39255.278136
 0.491000 3.080029 -39254.739191
 0.491500 3.081438 -39254.474731
 0.492000 3.083352 -39254.586060
 0.492500 3.085753 -39255.070924
 0.493000 3.088617 -39255.821247
 0.493500 3.091914 -39256.649187
 0.494000 3.095609 -39257.336307
 0.494500 3.099655 -39257.695110
 0.495000 3.103997 -39257.626954
 0.495500 3.108567 -39257.158092
 0.496000 3.113286 -39256.438427
 0.496500 3.118064 -39255.697654
 0.497000 3.122806 -39255.169418
 0.497500 3.127411 -39255.009655
 0.498000 3.131780 -39255.241603
 0.498500 3.135820 -39255.750947
 0.499000 3.139447 -39256.333140
 0.499500 -3.140592 -39256.772180
 0.500000 -3.137981 -39256.918217
