H GTH-PBE-q1 GTH-PBE
    1
     0.20000000    2    -4.17890044     0.72446331
    0

Cl GTH-PBE-q7 GTH-PBE
    2    5
     0.41000000    1    -6.39208181
    2
     0.33953864    2    15.21898983    -4.93452321
                                        6.37044208
     0.37847416    1     4.33877527

O GTH-PBE-q6 GTH-PBE
    2    4
     0.24455430    2   -16.66721480     2.48731132
    2
     0.22095592    1    18.33745811
     0.21133247    0

F GTH-PBE-q7 GTH-PBE
    2    5
     0.21492959    2   -21.57302836     3.19977615
    2
     0.19468402    1    23.74354045
     0.18615608    0

N GTH-PBE-q5 GTH-PBE
    2    3
     0.28379051    2   -12.41522559     1.86809592
    2
     0.25540500    1    13.63026257
     0.24549453    0

La GTH-PBE-q11
4 6 1 0
0.536621886 2 20.187083390  -1.461153313
4
0.541927081  2   1.342431782   0.450502384
                              -1.181781197
0.478778498  3   0.979802043   0.376291820   0.008876396
                              -0.824267358  -0.021005386
                                             0.029857280
0.626441601  1   0.328796868
0.300352697  1 -18.352319697
