H  TZV2P-MOLOPT-GTH TZV2P-MOLOPT-GTH-q1
 1
 2 0 1 7 3 2
     11.478000339908  0.024916243200 -0.012512421400 -0.013929731000  0.024510918200 -0.016497254600
      3.700758562763  0.079825490000 -0.056449071100  0.003035027400  0.058140794100 -0.023524900100
      1.446884268432  0.128862675300  0.011242684700 -0.295875900100  0.444709498500 -0.484890807700
      0.716814589696  0.379448894600 -0.418587548300  0.688608603400  0.646207973100  0.581651597400
      0.247918564176  0.324552432600  0.590363216700 -0.228296404800  0.803385018200 -0.302708265200
      0.066918004004  0.037148121400  0.438703133000 -0.099863944100  0.892971208700  0.037586403600
      0.021708243634 -0.001125195500 -0.059693171300  0.035435150600  0.120101316500  0.177876988600

 F  TZV2P-MOLOPT-GTH TZV2P-MOLOPT-GTH-q7
 1
 2 0 2 7 3 3 2
     15.025672765127 -0.076135699000  0.060516471000  0.236249589200  0.043030876500 -0.027382614400 -0.013131365300  0.006095862800 -0.001964191900
      6.156800581515 -0.145492650600  0.078091919900  0.256975207700  0.138591822100 -0.119463647500 -0.061020955700  0.057880784500 -0.017608747700
      2.411456205564  0.195144281500 -0.051537351700 -0.299606314200  0.283251574300 -0.152089668600 -0.074530076600  0.143657436500 -0.092704702300
      0.963986369687  0.553654166300 -0.448874166200  0.244175306400  0.357678749700 -0.460859710900 -0.333331696200  0.782158193600 -0.415809616200
      0.396229721431  0.454888028100  0.143111336600  0.070307660500  0.300622862100  0.260540362300  0.815277681200  0.349204565600  0.628910907400
      0.157658905678  0.078338198300  0.433345205900 -0.391141875700  0.138839114100  0.410677921300 -0.637458747900  0.106634189000 -0.412356840700
      0.048130255107  0.002175323600 -0.111759214900  0.275973644000  0.008740274300  0.051656760200  0.225784972300 -0.008599668300  0.389252314700

 O  TZV2P-MOLOPT-GTH TZV2P-MOLOPT-GTH-q6
 1
 2 0 2 7 3 3 2
     12.015954705512 -0.060190841200  0.065738617900  0.041006765400  0.036543638800 -0.034210557400 -0.000592640200  0.014807054400 -0.013843410500
      5.108150287385 -0.129597923300  0.110885902200  0.080644802300  0.120927648700 -0.120619770900  0.009852349400  0.068186159300  0.016850210400
      2.048398039874  0.118175889400 -0.053732406400 -0.067639801700  0.251093670300 -0.213719464600  0.001286509800  0.290576499200 -0.186696332600
      0.832381575582  0.462964485000 -0.572670666200 -0.435078312800  0.352639910300 -0.473674858400 -0.021872639500  1.063344189500  0.068001578700
      0.352316246455  0.450353782600  0.186760006700  0.722792798300  0.294708645200  0.484848376400  0.530504764700  0.307656114200  0.911407510000
      0.142977330880  0.092715833600  0.387201458600 -0.521378340700  0.173039869300  0.717465919700 -0.436184043700  0.318346834400 -0.333128530600
      0.046760918300 -0.000255945800  0.003825849600  0.175643142900  0.009726110600  0.032498979400  0.073329259500 -0.005771736600 -0.405788515900

 Cl TZV2P-MOLOPT-GTH TZV2P-MOLOPT-GTH-q7
 1
 2 0 2 6 3 3 2
      4.577034194110  0.065051807700 -0.056917463100 -0.222676105800 -0.018555371400  0.004980719100  0.014188226800  0.008255008600 -0.023981761800
      2.685006367322 -0.363216561500  0.289383593800  0.906226330700 -0.038757218600  0.062414668400  0.099373116400  0.112659622200  0.022760737200
      1.107869270111 -0.013978112200  0.170470730200  0.240057556900  0.165913669300 -0.069602677800 -0.139583547500  0.303640572700 -0.255872922500
      0.515012065056  0.656897397000 -0.631234162900 -0.584789043400  0.409671142600 -0.435899779400 -0.452556047700  0.542588312000  0.152366447500
      0.225105420962  0.492961793600  0.132599834000  0.113336595400  0.367216031300  0.798386816000  0.872967525000  0.275653471800  0.683411212900
      0.089684813445  0.053468914400  0.558743621800 -0.074517779100  0.129741292500  1.105427347200 -0.464881530900 -0.001399665300 -0.558926647700

 N  TZV2P-MOLOPT-GTH TZV2P-MOLOPT-GTH-q5
 1
 2 0 2 7 3 3 2
      9.042730397298 -0.057711157700  0.055618665600  0.032762883500  0.031469526900 -0.012643172000 -0.028389787500  0.017852718900 -0.026814870200
      3.882224940673 -0.121876730300  0.101741751800  0.137929475200  0.109126355100 -0.031177059000  0.039238304500  0.037932409700  0.018900829300
      1.512880320070  0.094844857800 -0.036013432800 -0.215975165900  0.238123330300 -0.094228032000 -0.305920303000  0.324051472500 -0.406110228200
      0.586630738140  0.558583487700 -0.547764884700  0.366111863100  0.376105481500 -0.192405367500  0.543553700700  0.888374055100  0.202616067000
      0.222851091943  0.346456981000  0.606791574500  0.307294682700  0.249727365300  0.701455729100  0.145372660300  0.188935754200  0.641914827500
      0.084582888713  0.031196738600  0.493556790200 -0.707766106200  0.054673928900  0.593951368600 -0.742817489000 -0.049452863800 -0.754236178400
      0.039193834928  0.010393976200  0.053452379800  0.185238519800 -0.000181794900  0.039720774300  0.455455763000 -0.019150455700  0.192322748800

La  CBS
 28
1 0 0 1 1
  0.03171828  1.0
1 0 0 1 1
  0.08321277  1.0
1 0 0 1 1
  0.21269094  1.0
1 0 0 1 1
  0.50086179  1.0
1 0 0 1 1
  1.41317457  1.0
1 0 0 1 1
  2.23164410  1.0
1 0 0 1 1
  2.16099087  1.0
1 1 1 1 1
  0.03171828  1.0
1 1 1 1 1
  0.08321277  1.0
1 1 1 1 1
  0.21269094  1.0
1 1 1 1 1
  0.50086179  1.0
1 1 1 1 1
  1.41317457  1.0
1 1 1 1 1
  2.23164410  1.0
1 1 1 1 1
  2.16099087  1.0
1 2 2 1 1
  0.03171828  1.0
1 2 2 1 1
  0.08321277  1.0
1 2 2 1 1
  0.21269094  1.0
1 2 2 1 1
  0.50086179  1.0
1 2 2 1 1
  1.41317457  1.0
1 2 2 1 1
  2.23164410  1.0
1 2 2 1 1
  2.16099087  1.0
1 3 3 1 1
  0.03171828  1.0
1 3 3 1 1
  0.08321277  1.0
1 3 3 1 1
  0.21269094  1.0
1 3 3 1 1
  0.50086179  1.0
1 3 3 1 1
  1.41317457  1.0
1 3 3 1 1
  2.23164410  1.0
1 3 3 1 1
  2.16099087  1.0

Ce  CBS
25
1 0 0 1 1
  0.05097481  1.0
1 0 0 1 1
  0.12786786  1.0
1 0 0 1 1
  0.32763789  1.0
1 0 0 1 1
  0.75072837  1.0
1 0 0 1 1
  1.57226158  1.0
1 0 0 1 1
  2.47592859  1.0
1 0 0 1 1
  4.18237524  1.0
1 1 1 1 1
  0.05097481  1.0
1 1 1 1 1
  0.12786786  1.0
1 1 1 1 1
  0.32763789  1.0
1 1 1 1 1
  0.75072837  1.0
1 1 1 1 1
  1.57226158  1.0
1 1 1 1 1
  2.47592859  1.0
1 1 1 1 1
  4.18237524  1.0
1 2 2 1 1
  0.05097481  1.0
1 2 2 1 1
  0.12786786  1.0
1 2 2 1 1
  0.32763789  1.0
1 2 2 1 1
  0.75072837  1.0
1 2 2 1 1
  1.57226158  1.0
1 2 2 1 1
  2.47592859  1.0
1 2 2 1 1
  4.18237524  1.0
1 3 3 1 1
  6.9560000  1.0
1 3 3 1 1
  2.7930000  1.0
1 3 3 1 1
  1.0680000  1.0
1 3 3 1 1
  0.3499000  1.0

Pr CBS
25
1 0 0 1 1
  0.06078830  1.0
1 0 0 1 1
  0.13034558  1.0
1 0 0 1 1
  0.34094115  1.0
1 0 0 1 1
  0.78494829  1.0
1 0 0 1 1
  1.57060627  1.0
1 0 0 1 1
  2.56776794  1.0
1 0 0 1 1
  4.39591796  1.0
1 1 1 1 1
  0.06078830  1.0
1 1 1 1 1
  0.13034558  1.0
1 1 1 1 1
  0.34094115  1.0
1 1 1 1 1
  0.78494829  1.0
1 1 1 1 1
  1.57060627  1.0
1 1 1 1 1
  2.56776794  1.0
1 1 1 1 1
  4.39591796  1.0
1 2 2 1 1
  0.06078830  1.0
1 2 2 1 1
  0.13034558  1.0
1 2 2 1 1
  0.34094115  1.0
1 2 2 1 1
  0.78494829  1.0
1 2 2 1 1
  1.57060627  1.0
1 2 2 1 1
  2.56776794  1.0
1 2 2 1 1
  4.39591796  1.0
1 3 3 1 1
      7.2230000   1.0000000
1 3 3 1 1
      2.8290000   1.0000000
1 3 3 1 1
      1.0500000   1.0000000
1 3 3 1 1
      0.3390000   1.0000000

Nd CBS
25
1 0 0 1 1
  0.04267857  1.0
1 0 0 1 1
  0.13970930  1.0
1 0 0 1 1
  0.35689793  1.0
1 0 0 1 1
  0.82158105  1.0
1 0 0 1 1
  1.71549407  1.0
1 0 0 1 1
  2.94144388  1.0
1 0 0 1 1
  4.67686881  1.0
1 1 1 1 1
  0.04267857  1.0
1 1 1 1 1
  0.13970930  1.0
1 1 1 1 1
  0.35689793  1.0
1 1 1 1 1
  0.82158105  1.0
1 1 1 1 1
  1.71549407  1.0
1 1 1 1 1
  2.94144388  1.0
1 1 1 1 1
  4.67686881  1.0
1 2 2 1 1
  0.04267857  1.0
1 2 2 1 1
  0.13970930  1.0
1 2 2 1 1
  0.35689793  1.0
1 2 2 1 1
  0.82158105  1.0
1 2 2 1 1
  1.71549407  1.0
1 2 2 1 1
  2.94144388  1.0
1 2 2 1 1
  4.67686881  1.0
1 3 3 1 1
      7.8250000   1.0000000
1 3 3 1 1
      3.0620000   1.0000000
1 3 3 1 1
      1.1430000   1.0000000
1 3 3 1 1
      0.3711000   1.0000000

Pm CBS
25
1 0 0 1 1
  0.04044278  1.0
1 0 0 1 1
  0.13230951  1.0
1 0 0 1 1
  0.34454172  1.0
1 0 0 1 1
  0.80884291  1.0
1 0 0 1 1
  1.70203691  1.0
1 0 0 1 1
  3.01992424  1.0
1 0 0 1 1
  4.81656463  1.0
1 1 1 1 1
  0.04044278  1.0
1 1 1 1 1
  0.13230951  1.0
1 1 1 1 1
  0.34454172  1.0
1 1 1 1 1
  0.80884291  1.0
1 1 1 1 1
  1.70203691  1.0
1 1 1 1 1
  3.01992424  1.0
1 1 1 1 1
  4.81656463  1.0
1 2 2 1 1
  0.04044278  1.0
1 2 2 1 1
  0.13230951  1.0
1 2 2 1 1
  0.34454172  1.0
1 2 2 1 1
  0.80884291  1.0
1 2 2 1 1
  1.70203691  1.0
1 2 2 1 1
  3.01992424  1.0
1 2 2 1 1
  4.81656463  1.0
1 3 3 1 1
      9.1960000   1.0000000
1 3 3 1 1
      3.6410000   1.0000000
1 3 3 1 1
      1.4020000   1.0000000
1 3 3 1 1
      0.4748000   1.0000000

Sm CBS
26
1 0 0 1 1
  0.03914979  1.0
1 0 0 1 1
  0.12681129  1.0
1 0 0 1 1
  0.34005735  1.0
1 0 0 1 1
  0.80945305  1.0
1 0 0 1 1
  1.73741769  1.0
1 0 0 1 1
  3.24872886  1.0
1 0 0 1 1
  5.14254447  1.0
1 1 1 1 1
  0.03914979  1.0
1 1 1 1 1
  0.12681129  1.0
1 1 1 1 1
  0.34005735  1.0
1 1 1 1 1
  0.80945305  1.0
1 1 1 1 1
  1.73741769  1.0
1 1 1 1 1
  3.24872886  1.0
1 1 1 1 1
  5.14254447  1.0
1 2 2 1 1
  0.03914979  1.0
1 2 2 1 1
  0.12681129  1.0
1 2 2 1 1
  0.34005735  1.0
1 2 2 1 1
  0.80945305  1.0
1 2 2 1 1
  1.73741769  1.0
1 2 2 1 1
  3.24872886  1.0
1 2 2 1 1
  5.14254447  1.0
1 3 3 1 1
  20.623400  1.0
1 3 3 1 1
  9.3855000  1.0
1 3 3 1 1
  4.2790000  1.0
1 3 3 1 1
  1.8883000  1.0
1 3 3 1 1
  0.7748000  1.0

Eu CBS
26
1 0 0 1 1
  0.04023003  1.0
1 0 0 1 1
  0.13357636  1.0
1 0 0 1 1
  0.35821506  1.0
1 0 0 1 1
  0.85719456  1.0
1 0 0 1 1
  1.80858834  1.0
1 0 0 1 1
  3.31221973  1.0
1 0 0 1 1
  5.34652456  1.0
1 1 1 1 1
  0.04023003  1.0
1 1 1 1 1
  0.13357636  1.0
1 1 1 1 1
  0.35821506  1.0
1 1 1 1 1
  0.85719456  1.0
1 1 1 1 1
  1.80858834  1.0
1 1 1 1 1
  3.31221973  1.0
1 1 1 1 1
  5.34652456  1.0
1 2 2 1 1
  0.04023003  1.0
1 2 2 1 1
  0.13357636  1.0
1 2 2 1 1
  0.35821506  1.0
1 2 2 1 1
  0.85719456  1.0
1 2 2 1 1
  1.80858834  1.0
1 2 2 1 1
  3.31221973  1.0
1 2 2 1 1
  5.34652456  1.0
1 3 3 1 1
  20.736600  1.0
1 3 3 1 1
  9.4479000  1.0
1 3 3 1 1
  4.3149000  1.0
1 3 3 1 1
  1.9121000  1.0
1 3 3 1 1
  0.7897000  1.0

Gd  CBS
26
1 0 0 1 1
  0.05080032  1.0
1 0 0 1 1
  0.14481943  1.0
1 0 0 1 1
  0.38939153  1.0
1 0 0 1 1
  0.91341748  1.0
1 0 0 1 1
  1.89721105  1.0
1 0 0 1 1
  3.50230035  1.0
1 0 0 1 1
  5.5967709  1.0
1 1 1 1 1
  0.05080032  1.0
1 1 1 1 1
  0.14481943  1.0
1 1 1 1 1
  0.38939153  1.0
1 1 1 1 1
  0.91341748  1.0
1 1 1 1 1
  1.89721105  1.0
1 1 1 1 1
  3.50230035  1.0
1 1 1 1 1
  5.5967709  1.0
1 2 2 1 1
  0.05080032  1.0
1 2 2 1 1
  0.14481943  1.0
1 2 2 1 1
  0.38939153  1.0
1 2 2 1 1
  0.91341748  1.0
1 2 2 1 1
  1.89721105  1.0
1 2 2 1 1
  3.50230035  1.0
1 2 2 1 1
  5.5967709  1.0
1 3 3 1 1
  20.888200  1.0
1 3 3 1 1
  9.5233000  1.0
1 3 3 1 1
  4.3476000  1.0
1 3 3 1 1
  1.9241000  1.0
1 3 3 1 1
  0.7926000  1.0

Tb  CBS
26
1 0 0 1 1
  0.05016424  1.0
1 0 0 1 1
  0.24700792  1.0
1 0 0 1 1
  0.65525611  1.0
1 0 0 1 1
  1.58752341  1.0
1 0 0 1 1
  3.4169915  1.0
1 0 0 1 1
  6.72437222  1.0
1 0 0 1 1
  12.62165193  1.0
1 1 1 1 1
  0.05016424  1.0
1 1 1 1 1
  0.24700792  1.0
1 1 1 1 1
  0.65525611  1.0
1 1 1 1 1
  1.58752341  1.0
1 1 1 1 1
  3.4169915  1.0
1 1 1 1 1
  6.72437222  1.0
1 1 1 1 1
  12.62165193  1.0
1 2 2 1 1
  0.05016424  1.0
1 2 2 1 1
  0.24700792  1.0
1 2 2 1 1
  0.65525611  1.0
1 2 2 1 1
  1.58752341  1.0
1 2 2 1 1
  3.4169915  1.0
1 2 2 1 1
  6.72437222  1.0
1 2 2 1 1
  12.62165193  1.0
1 3 3 1 1
  27.7600000  1.0
1 3 3 1 1
  10.9800000  1.0
1 3 3 1 1
  4.2790000  1.0
1 3 3 1 1
  1.5920000  1.0
1 3 3 1 1
  0.5063000  1.0

Dy  CBS
26
1 0 0 1 1
  0.0704722  1.0
1 0 0 1 1
  0.22899342  1.0
1 0 0 1 1
  0.64232855  1.0
1 0 0 1 1
  1.61426607  1.0
1 0 0 1 1
  3.49925238  1.0
1 0 0 1 1
  6.70570037  1.0
1 0 0 1 1
  12.5635102  1.0
1 1 1 1 1
  0.0704722  1.0
1 1 1 1 1
  0.22899342  1.0
1 1 1 1 1
  0.64232855  1.0
1 1 1 1 1
  1.61426607  1.0
1 1 1 1 1
  3.49925238  1.0
1 1 1 1 1
  6.70570037  1.0
1 1 1 1 1
  12.5635102  1.0
1 2 2 1 1
  0.0704722  1.0
1 2 2 1 1
  0.22899342  1.0
1 2 2 1 1
  0.64232855  1.0
1 2 2 1 1
  1.61426607  1.0
1 2 2 1 1
  3.49925238  1.0
1 2 2 1 1
  6.70570037  1.0
1 2 2 1 1
  12.5635102  1.0
1 3 3 1 1
  27.7600000  1.0
1 3 3 1 1
  10.9800000  1.0
1 3 3 1 1
  4.2790000  1.0
1 3 3 1 1
  1.5920000  1.0
1 3 3 1 1
  0.5063000  1.0

Ho  CBS
26
1 0 0 1 1
  0.04869946  1.0
1 0 0 1 1
  0.26191801  1.0
1 0 0 1 1
  0.70494403  1.0
1 0 0 1 1
  1.73557208  1.0
1 0 0 1 1
  3.74514009  1.0
1 0 0 1 1
  6.89265331  1.0
1 0 0 1 1
  12.30521213  1.0
1 1 1 1 1
  0.04869946  1.0
1 1 1 1 1
  0.26191801  1.0
1 1 1 1 1
  0.70494403  1.0
1 1 1 1 1
  1.73557208  1.0
1 1 1 1 1
  3.74514009  1.0
1 1 1 1 1
  6.89265331  1.0
1 1 1 1 1
  12.30521213  1.0
1 2 2 1 1
  0.04869946  1.0
1 2 2 1 1
  0.26191801  1.0
1 2 2 1 1
  0.70494403  1.0
1 2 2 1 1
  1.73557208  1.0
1 2 2 1 1
  3.74514009  1.0
1 2 2 1 1
  6.89265331  1.0
1 2 2 1 1
  12.30521213  1.0
1 3 3 1 1
  34.3800000  1.0
1 3 3 1 1
  12.9400000  1.0
1 3 3 1 1
  5.0410000  1.0
1 3 3 1 1
  1.8750000  1.0
1 3 3 1 1
  0.5896000  1.0

Er  CBS
27
1 0 0 1 1
  0.04998959  1.0
1 0 0 1 1
  0.27368575  1.0
1 0 0 1 1
  0.74199544  1.0
1 0 0 1 1
  1.82211428  1.0
1 0 0 1 1
  3.89149849  1.0
1 0 0 1 1
  7.20153202  1.0
1 0 0 1 1
  13.29786362  1.0
1 1 1 1 1
  0.04998959  1.0
1 1 1 1 1
  0.27368575  1.0
1 1 1 1 1
  0.74199544  1.0
1 1 1 1 1
  1.82211428  1.0
1 1 1 1 1
  3.89149849  1.0
1 1 1 1 1
  7.20153202  1.0
1 1 1 1 1
  13.29786362  1.0
1 2 2 1 1
  0.04998959  1.0
1 2 2 1 1
  0.27368575  1.0
1 2 2 1 1
  0.74199544  1.0
1 2 2 1 1
  1.82211428  1.0
1 2 2 1 1
  3.89149849  1.0
1 2 2 1 1
  7.20153202  1.0
1 2 2 1 1
  13.29786362  1.0
1 3 3 1 1
  22.275400  1.0
1 3 3 1 1
  10.212300  1.0
1 3 3 1 1
  4.6589000  1.0
1 3 3 1 1
  2.0551000  1.0
1 3 3 1 1
  0.8406000  1.0
1 3 3 1 1
  0.2996000  1.0

Tm  CBS
26
1 0 0 1 1
  0.05144299  1.0
1 0 0 1 1
  0.28494144  1.0
1 0 0 1 1
  0.77641959  1.0
1 0 0 1 1
  1.90595415  1.0
1 0 0 1 1
  4.14640499  1.0
1 0 0 1 1
  7.69124664  1.0
1 0 0 1 1
  13.07159832  1.0
1 1 1 1 1
  0.05144299  1.0
1 1 1 1 1
  0.28494144  1.0
1 1 1 1 1
  0.77641959  1.0
1 1 1 1 1
  1.90595415  1.0
1 1 1 1 1
  4.14640499  1.0
1 1 1 1 1
  7.69124664  1.0
1 1 1 1 1
  13.07159832  1.0
1 2 2 1 1
  0.05144299  1.0
1 2 2 1 1
  0.28494144  1.0
1 2 2 1 1
  0.77641959  1.0
1 2 2 1 1
  1.90595415  1.0
1 2 2 1 1
  4.14640499  1.0
1 2 2 1 1
  7.69124664  1.0
1 2 2 1 1
  13.07159832  1.0
1 3 3 1 1
  35.6900000  1.0
1 3 3 1 1
  13.5400000  1.0
1 3 3 1 1
  5.299000  1.0
1 3 3 1 1
  1.970000  1.0
1 3 3 1 1
  0.616200  1.0

Yb  CBS
26
1 0 0 1 1
  0.05199452  1.0
1 0 0 1 1
  0.27877809  1.0
1 0 0 1 1
  0.75839072  1.0
1 0 0 1 1
  1.84256942  1.0
1 0 0 1 1
  3.87428635  1.0
1 0 0 1 1
  6.86323383  1.0
1 0 0 1 1
  12.1737304  1.0
1 1 1 1 1
  0.05199452  1.0
1 1 1 1 1
  0.27877809  1.0
1 1 1 1 1
  0.75839072  1.0
1 1 1 1 1
  1.84256942  1.0
1 1 1 1 1
  3.87428635  1.0
1 1 1 1 1
  6.86323383  1.0
1 1 1 1 1
  12.1737304  1.0
1 2 2 1 1
  0.05199452  1.0
1 2 2 1 1
  0.27877809  1.0
1 2 2 1 1
  0.75839072  1.0
1 2 2 1 1
  1.84256942  1.0
1 2 2 1 1
  3.87428635  1.0
1 2 2 1 1
  6.86323383  1.0
1 2 2 1 1
  12.1737304  1.0
1 3 3 1 1
  40.5500000  1.0
1 3 3 1 1
  14.9800000  1.0
1 3 3 1 1
  5.8600000  1.0
1 3 3 1 1
  2.1690000  1.0
1 3 3 1 1
  0.6722000  1.0

Lu  CBS
27
1 0 0 1 1
  0.05975385  1.0
1 0 0 1 1
  0.2324302  1.0
1 0 0 1 1
  0.6451522  1.0
1 0 0 1 1
  1.57826189  1.0
1 0 0 1 1
  3.5073897  1.0
1 0 0 1 1
  7.3123298  1.0
1 0 0 1 1
  12.64717647  1.0
1 1 1 1 1
  0.05975385  1.0
1 1 1 1 1
  0.2324302  1.0
1 1 1 1 1
  0.6451522  1.0
1 1 1 1 1
  1.57826189  1.0
1 1 1 1 1
  3.5073897  1.0
1 1 1 1 1
  7.3123298  1.0
1 1 1 1 1
  12.64717647  1.0
1 2 2 1 1
  0.05975385  1.0
1 2 2 1 1
  0.2324302  1.0
1 2 2 1 1
  0.6451522  1.0
1 2 2 1 1
  1.57826189  1.0
1 2 2 1 1
  3.5073897  1.0
1 2 2 1 1
  7.3123298  1.0
1 2 2 1 1
  12.64717647  1.0
1 3 3 1 1
  28.362400  1.0
1 3 3 1 1
  13.247800  1.0
1 3 3 1 1
  6.1440000  1.0
1 3 3 1 1
  2.7623000  1.0
1 3 3 1 1
  1.1574000  1.0
1 3 3 1 1
  0.4244000  1.0


