#! FIELDS time phi sigma_phi height biasf
#! SET multivariate false
#! SET kerneltype gaussian
#! SET min_phi -pi
#! SET max_phi pi
                  0.015      3.088501964526457                    0.1      1.052631578947368                     20
                   0.03      3.133880489401306                    0.1     0.9390163341143839                     20
                  0.045     -3.131458841694155                    0.1     0.8491436963288114                     20
                   0.06     -2.971245779407656                    0.1      0.989477974857259                     20
                  0.075     -2.778053385858294                    0.1      1.033231125416016                     20
                   0.09     -2.839451731919873                    0.1      0.901104757199863                     20
                  0.105     -2.893415706786478                    0.1     0.8139741962275554                     20
                   0.12     -3.087026318173256                    0.1     0.7503630145783649                     20
                  0.135      2.801905851498783                    0.1      1.049871596667304                     20
                   0.15      2.808562244547575                    0.1     0.9249248698300581                     20
                  0.165      2.827503973951635                    0.1     0.8303242617921242                     20
                   0.18      2.970249136849118                    0.1     0.8478384546260245                     20
                  0.195     -2.888111922287744                    0.1     0.7280061742690218                     20
                   0.21     -2.803922511499249                    0.1      0.719340705935283                     20
                  0.225     -2.662173771570532                    0.1     0.9222091293977086                     20
                   0.24     -2.536657496646193                    0.1     0.9904077569170519                     20
                  0.255     -2.651254285892624                    0.1     0.7921500523118963                     20
                   0.27     -2.751315620958777                    0.1     0.6423746599520229                     20
                  0.285     -2.952232895409007                    0.1     0.6535186544902706                     20
                    0.3      2.978915962427816                    0.1     0.7634109758926926                     20
                  0.315      2.673050019278031                    0.1     0.9226073623178537                     20
                   0.33      2.529796253995486                    0.1      1.004947275628941                     20
                  0.345      2.540086250991592                    0.1     0.8838109029641374                     20
                   0.36      2.543686271944861                    0.1     0.7926945941143605                     20
                  0.375      2.874807072339928                    0.1      0.685661255887584                     20
                   0.39     -2.958979796393532                    0.1     0.6088559816202512                     20
                  0.405     -2.715532218606528                    0.1     0.6169854959469193                     20
                   0.42      -2.35692663525734                    0.1      1.025623211848035                     20
                  0.435     -2.207201545686466                    0.1        1.0106127189175                     20
                   0.45     -2.093444833739144                    0.1     0.9839465275174389                     20
                  0.465     -1.660150647303148                    0.1      1.052631578947368                     20
                   0.48     -1.213667360591133                    0.1      1.052631578947368                     20
                  0.495    -0.7069841965245531                    0.1      1.052631578947368                     20
                   0.51    -0.3102115608946177                    0.1      1.052631578947368                     20
                  0.525    -0.2298685863878653                    0.1     0.9604180559302878                     20
                   0.54    -0.1546176858833093                    0.1     0.9291638958366158                     20
                  0.555   -0.02782910914793872                    0.1      0.984042836668213                     20
     0.5700000000000001     0.1785939762104327                    0.1      1.037487654179094                     20
                  0.585      0.501338175092406                    0.1      1.051913148099912                     20
                    0.6      1.238231417506897                    0.1      1.052631578947368                     20
                  0.615      1.701365830903925                    0.1      1.052631578947368                     20
                   0.63      1.920267920533093                    0.1      1.040562092320736                     20
                  0.645      2.229963997897449                    0.1      1.048485772715654                     20
                   0.66       2.42810155029583                    0.1     0.8609864083963971                     20
                  0.675      2.812853007832857                    0.1     0.6326729949631563                     20
     0.6900000000000001     -2.959423607267983                    0.1     0.5640133238041298                     20
                  0.705     -2.652972605258505                    0.1     0.6423375389927635                     20
                   0.72     -2.414926081464668                    0.1     0.8683585040589686                     20
                  0.735     -2.343260351335152                    0.1     0.7980335985481698                     20
                   0.75     -2.386466931158165                    0.1     0.7211151360692614                     20
                  0.765     -2.594534619764524                    0.1     0.6538456110719779                     20
                   0.78     -2.994682021624072                    0.1     0.5523509591773167                     20
                  0.795      2.872807506368283                    0.1     0.5920090926774837                     20
     0.8100000000000001      2.457727215785319                    0.1     0.7382070178466293                     20
     0.8250000000000001      2.289288935657535                    0.1      0.877658846945416                     20
                   0.84      2.231690194292422                    0.1     0.8267831431823718                     20
                  0.855      1.840013566668282                    0.1      0.915926690800018                     20
                   0.87      1.506400155143724                    0.1      1.028881751444828                     20
                  0.885      1.012770615338081                    0.1      1.042190588485512                     20
                    0.9      0.488922203013761                    0.1      0.927499808795621                     20
                  0.915     0.2461230535438093                    0.1     0.9403070370733349                     20
                   0.93     0.3185940207256621                    0.1     0.8756972697056581                     20
     0.9450000000000001      0.391345207301832                    0.1     0.8022696971205243                     20
                   0.96     0.9024132536633243                    0.1     0.9828124108128734                     20
                  0.975      1.431277203755548                    0.1     0.9370946054378456                     20
                   0.99      1.735951591693794                    0.1      0.847960160468023                     20
                  1.005        1.9098214188766                    0.1     0.8205858792947267                     20
                   1.02       2.05103648222992                    0.1     0.9029039316466541                     20
                  1.035      2.172252346224079                    0.1     0.7722699773950492                     20
                   1.05       2.42731292532956                    0.1     0.6732530740574262                     20
                  1.065       2.81886643686676                    0.1     0.5497218030750137                     20
                   1.08     -2.934205748487853                    0.1     0.4835654725276392                     20
                  1.095       -2.4924720482525                    0.1     0.6706330648911296                     20
                   1.11     -2.281079347795159                    0.1      0.712209268634587                     20
                  1.125      -2.12895685980909                    0.1     0.8187478034509155                     20
                   1.14     -1.775687252360966                    0.1     0.9856856659874481                     20
                  1.155     -1.322499734868686                    0.1     0.9810287290237268                     20
                   1.17    -0.8591439492398123                    0.1      1.011380266313894                     20
                  1.185    -0.4301465559264256                    0.1     0.9693022047885204                     20
                    1.2    -0.3944805581353505                    0.1     0.8320016992958912                     20
                  1.215    -0.7631216597633526                    0.1      0.874571799299402                     20
                   1.23      -1.15323294979722                    0.1     0.9194750189248555                     20
                  1.245     -1.530898431856176                    0.1     0.9764581910535568                     20
                   1.26     -1.780803418802602                    0.1     0.8742457752854887                     20
                  1.275      -1.67400977599122                    0.1     0.7815018331797179                     20
                   1.29      -1.38360159299428                    0.1     0.8797543017530293                     20
                  1.305    -0.9893222784337645                    0.1     0.9503972529257493                     20
                   1.32    -0.4855474967826293                    0.1     0.8521226715406115                     20
                  1.335    -0.4420114403730052                    0.1     0.7272071852904539                     20
                   1.35    -0.6894890745210694                    0.1     0.8138775736626881                     20
                  1.365     -1.073604978330447                    0.1     0.8385335396990756                     20
                   1.38     -1.501172972020387                    0.1      0.817193966085197                     20
                  1.395     -1.696822050125432                    0.1     0.6946479895887104                     20
                   1.41      -1.52940384818166                    0.1     0.7192725820659002                     20
                  1.425     -1.240189163727743                    0.1     0.7371039275465298                     20
                   1.44    -0.7930758953889284                    0.1     0.7323831404878155                     20
                  1.455    -0.3946586909494044                    0.1     0.6498078511986348                     20
                   1.47    -0.5690322118261999                    0.1     0.7637914096759552                     20
                  1.485    -0.7291369175868043                    0.1     0.6541703085336902                     20
                    1.5     -1.205187913668669                    0.1     0.6758185154489326                     20
