#! FIELDS time phi ene
#! SET min_phi -pi
#! SET max_phi pi
 0.000500 -1.043984 -39253.467851
 0.001000 -1.040802 -39254.004148
 0.001500 -1.037668 -39254.539139
 0.002000 -1.034601 -39254.817468
 0.002500 -1.031615 -39254.676828
 0.003000 -1.028722 -39254.108579
 0.003500 -1.025929 -39253.269998
 0.004000 -1.023238 -39252.438767
 0.004500 -1.020645 -39251.920689
 0.005000 -1.018136 -39251.942876
 0.005500 -1.015696 -39252.572015
 0.006000 -1.013302 -39253.688549
 0.006500 -1.010932 -39255.025675
 0.007000 -1.008564 -39256.257192
 0.007500 -1.006180 -39257.101261
 0.008000 -1.003766 -39257.403842
 0.008500 -1.001314 -39257.176168
 0.009000 -0.998820 -39256.578727
 0.009500 -0.996286 -39255.862232
 0.010000 -0.993714 -39255.287227
 0.010500 -0.991112 -39255.046507
 0.011000 -0.988487 -39255.210741
 0.011500 -0.985849 -39255.710000
 0.012000 -0.983207 -39256.355135
 0.012500 -0.980570 -39256.894355
 0.013000 -0.977948 -39257.091156
 0.013500 -0.975345 -39256.802694
 0.014000 -0.972763 -39256.033944
 0.014500 -0.970198 -39254.946921
 0.015000 -0.967640 -39253.816971
 0.015500 -0.965074 -39252.946757
 0.016000 -0.962478 -39252.566075
 0.016500 -0.959834 -39252.753674
 0.017000 -0.957125 -39253.410795
 0.017500 -0.954341 -39254.296947
 0.018000 -0.951479 -39255.114191
 0.018500 -0.948550 -39255.607723
 0.019000 -0.945571 -39255.646250
 0.019500 -0.942566 -39255.256093
 0.020000 -0.939564 -39254.602334
 0.020500 -0.936596 -39253.928792
 0.021000 -0.933693 -39253.479324
 0.021500 -0.930884 -39253.424689
 0.022000 -0.928197 -39253.813919
 0.022500 -0.925654 -39254.561067
 0.023000 -0.923277 -39255.469542
 0.023500 -0.921083 -39256.287851
 0.024000 -0.919085 -39256.783224
 0.024500 -0.917291 -39256.813579
 0.025000 -0.915704 -39256.376390
 0.025500 -0.914324 -39255.616775
 0.026000 -0.913145 -39254.787927
 0.026500 -0.912157 -39254.172463
 0.027000 -0.911347 -39253.988765
 0.027500 -0.910703 -39254.314863
 0.028000 -0.910214 -39255.059147
 0.028500 -0.909869 -39255.990908
 0.029000 -0.909665 -39256.820223
 0.029500 -0.909602 -39257.296594
 0.030000 -0.909683 -39257.289318
 0.030500 -0.909915 -39256.822439
 0.031000 -0.910310 -39256.056926
 0.031500 -0.910878 -39255.232064
 0.032000 -0.911631 -39254.588806
 0.032500 -0.912582 -39254.298922
 0.033000 -0.913741 -39254.418147
 0.033500 -0.915118 -39254.873111
 0.034000 -0.916721 -39255.484027
 0.034500 -0.918553 -39256.016849
 0.035000 -0.920611 -39256.253214
 0.035500 -0.922887 -39256.060202
 0.036000 -0.925364 -39255.439807
 0.036500 -0.928014 -39254.540066
 0.037000 -0.930803 -39253.618604
 0.037500 -0.933690 -39252.964567
 0.038000 -0.936629 -39252.802110
 0.038500 -0.939578 -39253.210295
 0.039000 -0.942500 -39254.092230
 0.039500 -0.945369 -39255.208247
 0.040000 -0.948172 -39256.260744
 0.040500 -0.950906 -39256.996202
 0.041000 -0.953582 -39257.284689
 0.041500 -0.956217 -39257.150336
 0.042000 -0.958834 -39256.748296
 0.042500 -0.961459 -39256.303570
 0.043000 -0.964117 -39256.035296
 0.043500 -0.966833 -39256.090045
 0.044000 -0.969626 -39256.500415
 0.044500 -0.972512 -39257.176779
 0.045000 -0.975501 -39257.932309
 0.045500 -0.978597 -39258.534776
 0.046000 -0.981797 -39258.773158
 0.046500 -0.985089 -39258.522713
 0.047000 -0.988456 -39257.790101
 0.047500 -0.991875 -39256.722242
 0.048000 -0.995316 -39255.570553
 0.048500 -0.998751 -39254.616264
 0.049000 -1.002150 -39254.078746
 0.049500 -1.005488 -39254.040135
 0.050000 -1.008748 -39254.417602
 0.050500 -1.011920 -39254.996872
 0.051000 -1.015004 -39255.514081
 0.051500 -1.018007 -39255.752093
 0.052000 -1.020942 -39255.613312
 0.052500 -1.023828 -39255.144773
 0.053000 -1.026683 -39254.512892
 0.053500 -1.029528 -39253.943125
 0.054000 -1.032379 -39253.647653
 0.054500 -1.035254 -39253.762729
 0.055000 -1.038163 -39254.310575
 0.055500 -1.041116 -39255.192924
 0.056000 -1.044112 -39256.216260
 0.056500 -1.047150 -39257.142869
 0.057000 -1.050218 -39257.756496
 0.057500 -1.053298 -39257.926703
 0.058000 -1.056365 -39257.653235
 0.058500 -1.059387 -39257.073327
 0.059000 -1.062331 -39256.423288
 0.059500 -1.065164 -39255.961148
 0.060000 -1.067856 -39255.874860
 0.060500 -1.070385 -39256.211679
 0.061000 -1.072742 -39256.859559
 0.061500 -1.074928 -39257.590367
 0.062000 -1.076956 -39258.146616
 0.062500 -1.078847 -39258.334907
 0.063000 -1.080629 -39258.089545
 0.063500 -1.082332 -39257.486629
 0.064000 -1.083987 -39256.710553
 0.064500 -1.085621 -39255.990505
 0.065000 -1.087257 -39255.529924
 0.065500 -1.088915 -39255.448819
 0.066000 -1.090608 -39255.751961
 0.066500 -1.092346 -39256.328450
 0.067000 -1.094131 -39256.981912
 0.067500 -1.095962 -39257.484328
 0.068000 -1.097832 -39257.642221
 0.068500 -1.099731 -39257.358297
 0.069000 -1.101646 -39256.669783
 0.069500 -1.103561 -39255.746889
 0.070000 -1.105462 -39254.845335
 0.070500 -1.107336 -39254.222857
 0.071000 -1.109173 -39254.048204
 0.071500 -1.110969 -39254.339158
 0.072000 -1.112727 -39254.957461
 0.072500 -1.114453 -39255.663964
 0.073000 -1.116159 -39256.209875
 0.073500 -1.117859 -39256.425510
 0.074000 -1.119568 -39256.273190
 0.074500 -1.121302 -39255.850022
 0.075000 -1.123073 -39255.347010
 0.075500 -1.124895 -39254.983660
 0.076000 -1.126777 -39254.940112
 0.076500 -1.128724 -39255.304681
 0.077000 -1.130742 -39256.047936
 0.077500 -1.132829 -39257.027788
 0.078000 -1.134980 -39258.024239
 0.078500 -1.137184 -39258.796970
 0.079000 -1.139423 -39259.153347
 0.079500 -1.141674 -39259.009182
 0.080000 -1.143906 -39258.422148
 0.080500 -1.146083 -39257.581446
 0.081000 -1.148169 -39256.749736
 0.081500 -1.150127 -39256.172682
 0.082000 -1.151928 -39255.989260
 0.082500 -1.153551 -39256.180871
 0.083000 -1.154984 -39256.582665
 0.083500 -1.156229 -39256.952185
 0.084000 -1.157293 -39257.064451
 0.084500 -1.158194 -39256.793810
 0.085000 -1.158952 -39256.153476
 0.085500 -1.159586 -39255.284900
 0.086000 -1.160116 -39254.407952
 0.086500 -1.160560 -39253.752656
 0.087000 -1.160927 -39253.493623
 0.087500 -1.161225 -39253.703233
 0.088000 -1.161455 -39254.332797
 0.088500 -1.161613 -39255.224725
 0.089000 -1.161690 -39256.153101
 0.089500 -1.161674 -39256.884633
 0.090000 -1.161547 -39257.246282
 0.090500 -1.161290 -39257.181020
 0.091000 -1.160884 -39256.771840
 0.091500 -1.160312 -39256.219900
 0.092000 -1.159561 -39255.777168
 0.092500 -1.158625 -39255.653877
 0.093000 -1.157504 -39255.936590
 0.093500 -1.156208 -39256.552774
 0.094000 -1.154752 -39257.298631
 0.094500 -1.153159 -39257.917777
 0.095000 -1.151451 -39258.195961
 0.095500 -1.149650 -39258.033753
 0.096000 -1.147776 -39257.473408
 0.096500 -1.145848 -39256.677431
 0.097000 -1.143875 -39255.872959
 0.097500 -1.141868 -39255.283027
 0.098000 -1.139830 -39255.064584
 0.098500 -1.137759 -39255.267480
 0.099000 -1.135653 -39255.822272
 0.099500 -1.133503 -39256.558778
 0.100000 -1.131298 -39257.251861
 0.100500 -1.129022 -39257.685304
 0.101000 -1.126655 -39257.718610
 0.101500 -1.124176 -39257.336936
 0.102000 -1.121564 -39256.664340
 0.102500 -1.118798 -39255.928750
 0.103000 -1.115863 -39255.384355
 0.103500 -1.112752 -39255.217518
 0.104000 -1.109465 -39255.474624
 0.104500 -1.106017 -39256.044422
 0.105000 -1.102430 -39256.702809
 0.105500 -1.098733 -39257.199856
 0.106000 -1.094959 -39257.350937
 0.106500 -1.091143 -39257.097195
 0.107000 -1.087316 -39256.517936
 0.107500 -1.083507 -39255.797931
 0.108000 -1.079736 -39255.166365
 0.108500 -1.076019 -39254.828418
 0.109000 -1.072366 -39254.907905
 0.109500 -1.068781 -39255.413650
 0.110000 -1.065264 -39256.235864
 0.110500 -1.061809 -39257.173679
 0.111000 -1.058409 -39257.988317
 0.111500 -1.055054 -39258.471176
 0.112000 -1.051734 -39258.509284
 0.112500 -1.048441 -39258.126971
 0.113000 -1.045169 -39257.484823
 0.113500 -1.041916 -39256.828779
 0.114000 -1.038687 -39256.402061
 0.114500 -1.035493 -39256.352355
 0.115000 -1.032353 -39256.673766
 0.115500 -1.029287 -39257.209977
 0.116000 -1.026318 -39257.716798
 0.116500 -1.023469 -39257.955588
 0.117000 -1.020760 -39257.778242
 0.117500 -1.018205 -39257.173552
 0.118000 -1.015813 -39256.264539
 0.118500 -1.013589 -39255.265044
 0.119000 -1.011532 -39254.414361
 0.119500 -1.009636 -39253.910335
 0.120000 -1.007893 -39253.857492
 0.120500 -1.006292 -39254.240940
 0.121000 -1.004817 -39254.931017
 0.121500 -1.003449 -39255.718172
 0.122000 -1.002166 -39256.371694
 0.122500 -1.000940 -39256.709369
 0.123000 -0.999742 -39256.658831
 0.123500 -0.998540 -39256.288660
 0.124000 -0.997301 -39255.792230
 0.124500 -0.995997 -39255.422423
 0.125000 -0.994602 -39255.397037
 0.125500 -0.993102 -39255.812004
 0.126000 -0.991491 -39256.600368
 0.126500 -0.989775 -39257.555428
 0.127000 -0.987964 -39258.406770
 0.127500 -0.986080 -39258.915411
 0.128000 -0.984143 -39258.950466
 0.128500 -0.982177 -39258.522927
 0.129000 -0.980201 -39257.772042
 0.129500 -0.978233 -39256.915790
 0.130000 -0.976285 -39256.184513
 0.130500 -0.974363 -39255.756880
 0.131000 -0.972470 -39255.713120
 0.131500 -0.970602 -39256.015111
 0.132000 -0.968753 -39256.517427
 0.132500 -0.966910 -39257.007985
 0.133000 -0.965062 -39257.270672
 0.133500 -0.963194 -39257.155331
 0.134000 -0.961294 -39256.634397
 0.134500 -0.959354 -39255.824042
 0.135000 -0.957371 -39254.955376
 0.135500 -0.955351 -39254.298355
 0.136000 -0.953312 -39254.064016
 0.136500 -0.951278 -39254.324090
 0.137000 -0.949281 -39254.983332
 0.137500 -0.947356 -39255.816348
 0.138000 -0.945540 -39256.551381
 0.138500 -0.943862 -39256.964797
 0.139000 -0.942348 -39256.950579
 0.139500 -0.941014 -39256.544553
 0.140000 -0.939869 -39255.902629
 0.140500 -0.938915 -39255.246454
 0.141000 -0.938148 -39254.796293
 0.141500 -0.937559 -39254.709030
 0.142000 -0.937135 -39255.035836
 0.142500 -0.936861 -39255.707920
 0.143000 -0.936718 -39256.553692
 0.143500 -0.936685 -39257.344881
 0.144000 -0.936740 -39257.862563
 0.144500 -0.936860 -39257.966790
 0.145000 -0.937020 -39257.648141
 0.145500 -0.937202 -39257.039567
 0.146000 -0.937387 -39256.377240
 0.146500 -0.937565 -39255.918441
 0.147000 -0.937734 -39255.845744
 0.147500 -0.937899 -39256.196941
 0.148000 -0.938073 -39256.850914
 0.148500 -0.938273 -39257.574291
 0.149000 -0.938519 -39258.106986
 0.149500 -0.938830 -39258.250903
 0.150000 -0.939225 -39257.930168
 0.150500 -0.939716 -39257.207093
 0.151000 -0.940312 -39256.255460
 0.151500 -0.941019 -39255.304917
 0.152000 -0.941837 -39254.574850
 0.152500 -0.942763 -39254.215180
 0.153000 -0.943793 -39254.267490
 0.153500 -0.944918 -39254.654945
 0.154000 -0.946129 -39255.203914
 0.154500 -0.947416 -39255.694049
 0.155000 -0.948770 -39255.926273
 0.155500 -0.950181 -39255.790668
 0.156000 -0.951644 -39255.311616
 0.156500 -0.953159 -39254.649913
 0.157000 -0.954732 -39254.054054
 0.157500 -0.956375 -39253.773509
 0.158000 -0.958108 -39253.966041
 0.158500 -0.959954 -39254.637289
 0.159000 -0.961938 -39255.637863
 0.159500 -0.964084 -39256.717504
 0.160000 -0.966413 -39257.611758
 0.160500 -0.968939 -39258.126540
 0.161000 -0.971670 -39258.191963
 0.161500 -0.974609 -39257.872445
 0.162000 -0.977752 -39257.336326
 0.162500 -0.981093 -39256.799044
 0.163000 -0.984622 -39256.458051
 0.163500 -0.988327 -39256.436431
 0.164000 -0.992196 -39256.748284
 0.164500 -0.996210 -39257.293797
 0.165000 -1.000353 -39257.885982
 0.165500 -1.004603 -39258.304433
 0.166000 -1.008935 -39258.363864
 0.166500 -1.013325 -39257.978421
 0.167000 -1.017745 -39257.199234
 0.167500 -1.022170 -39256.207715
 0.168000 -1.026576 -39255.261064
 0.168500 -1.030944 -39254.606298
 0.169000 -1.035262 -39254.394929
 0.169500 -1.039521 -39254.632297
 0.170000 -1.043717 -39255.181023
 0.170500 -1.047850 -39255.814717
 0.171000 -1.051920 -39256.298501
 0.171500 -1.055928 -39256.465694
 0.172000 -1.059871 -39256.265931
 0.172500 -1.063745 -39255.773386
 0.173000 -1.067544 -39255.157254
 0.173500 -1.071259 -39254.627240
 0.174000 -1.074878 -39254.370748
 0.174500 -1.078387 -39254.498229
 0.175000 -1.081773 -39255.010187
 0.175500 -1.085017 -39255.793793
 0.176000 -1.088104 -39256.651344
 0.176500 -1.091018 -39257.354995
 0.177000 -1.093743 -39257.715461
 0.177500 -1.096270 -39257.644336
 0.178000 -1.098597 -39257.188797
 0.178500 -1.100728 -39256.522191
 0.179000 -1.102677 -39255.888808
 0.179500 -1.104467 -39255.519797
 0.180000 -1.106128 -39255.551285
 0.180500 -1.107694 -39255.976699
 0.181000 -1.109199 -39256.651386
 0.181500 -1.110670 -39257.346009
 0.182000 -1.112133 -39257.826476
 0.182500 -1.113601 -39257.930532
 0.183000 -1.115085 -39257.615865
 0.183500 -1.116587 -39256.967363
 0.184000 -1.118105 -39256.165629
 0.184500 -1.119634 -39255.429739
 0.185000 -1.121168 -39254.952341
 0.185500 -1.122698 -39254.844755
 0.186000 -1.124217 -39255.105693
 0.186500 -1.125715 -39255.621298
 0.187000 -1.127183 -39256.197004
 0.187500 -1.128610 -39256.614555
 0.188000 -1.129991 -39256.699691
 0.188500 -1.131317 -39256.380924
 0.189000 -1.132586 -39255.718823
 0.189500 -1.133799 -39254.892427
 0.190000 -1.134962 -39254.143579
 0.190500 -1.136083 -39253.696677
 0.191000 -1.137177 -39253.682643
 0.191500 -1.138257 -39254.095492
 0.192000 -1.139335 -39254.797270
 0.192500 -1.140423 -39255.568215
 0.193000 -1.141527 -39256.182362
 0.193500 -1.142646 -39256.480986
 0.194000 -1.143778 -39256.419544
 0.194500 -1.144915 -39256.075193
 0.195000 -1.146045 -39255.615993
 0.195500 -1.147155 -39255.244573
 0.196000 -1.148229 -39255.134421
 0.196500 -1.149250 -39255.376856
 0.197000 -1.150203 -39255.952217
 0.197500 -1.151071 -39256.732329
 0.198000 -1.151841 -39257.514020
 0.198500 -1.152499 -39258.075930
 0.199000 -1.153041 -39258.244304
 0.199500 -1.153464 -39257.948622
 0.200000 -1.153776 -39257.248515
 0.200500 -1.153993 -39256.320116
 0.201000 -1.154135 -39255.402965
 0.201500 -1.154232 -39254.723363
 0.202000 -1.154316 -39254.420541
 0.202500 -1.154414 -39254.502619
 0.203000 -1.154553 -39254.849127
 0.203500 -1.154749 -39255.258714
 0.204000 -1.155012 -39255.524082
 0.204500 -1.155342 -39255.505699
 0.205000 -1.155731 -39255.178408
 0.205500 -1.156168 -39254.636903
 0.206000 -1.156634 -39254.061685
 0.206500 -1.157110 -39253.659723
 0.207000 -1.157575 -39253.599655
 0.207500 -1.158006 -39253.960301
 0.208000 -1.158381 -39254.705583
 0.208500 -1.158676 -39255.691587
 0.209000 -1.158870 -39256.703735
 0.209500 -1.158941 -39257.514972
 0.210000 -1.158871 -39257.949840
 0.210500 -1.158646 -39257.936674
 0.211000 -1.158258 -39257.530687
 0.211500 -1.157702 -39256.898531
 0.212000 -1.156983 -39256.266048
 0.212500 -1.156107 -39255.844209
 0.213000 -1.155087 -39255.757705
 0.213500 -1.153935 -39256.002205
 0.214000 -1.152664 -39256.447305
 0.214500 -1.151281 -39256.885255
 0.215000 -1.149791 -39257.107199
 0.215500 -1.148191 -39256.977829
 0.216000 -1.146475 -39256.481299
 0.216500 -1.144628 -39255.724217
 0.217000 -1.142633 -39254.898645
 0.217500 -1.140468 -39254.220695
 0.218000 -1.138109 -39253.865533
 0.218500 -1.135530 -39253.917222
 0.219000 -1.132706 -39254.345601
 0.219500 -1.129616 -39255.014820
 0.220000 -1.126239 -39255.720818
 0.220500 -1.122567 -39256.248627
 0.221000 -1.118598 -39256.435293
 0.221500 -1.114344 -39256.221122
 0.222000 -1.109830 -39255.672910
 0.222500 -1.105095 -39254.968490
 0.223000 -1.100189 -39254.342953
 0.223500 -1.095172 -39254.010751
 0.224000 -1.090103 -39254.089830
 0.224500 -1.085041 -39254.557212
 0.225000 -1.080036 -39255.255966
 0.225500 -1.075128 -39255.952891
 0.226000 -1.070343 -39256.424162
 0.226500 -1.065697 -39256.534678
 0.227000 -1.061191 -39256.281499
 0.227500 -1.056822 -39255.789054
 0.228000 -1.052576 -39255.262966
 0.228500 -1.048439 -39254.922017
 0.229000 -1.044391 -39254.930770
 0.229500 -1.040412 -39255.351277
 0.230000 -1.036486 -39256.124704
 0.230500 -1.032595 -39257.085808
 0.231000 -1.028728 -39258.006139
 0.231500 -1.024880 -39258.655802
 0.232000 -1.021050 -39258.868766
 0.232500 -1.017245 -39258.593964
 0.233000 -1.013479 -39257.915481
 0.233500 -1.009772 -39257.031264
 0.234000 -1.006148 -39256.191826
 0.234500 -1.002630 -39255.615850
 0.235000 -0.999243 -39255.412205
 0.235500 -0.996005 -39255.540202
 0.236000 -0.992926 -39255.826901
 0.236500 -0.990011 -39256.036064
 0.237000 -0.987254 -39255.960213
 0.237500 -0.984646 -39255.498275
 0.238000 -0.982167 -39254.690582
 0.238500 -0.979796 -39253.703295
 0.239000 -0.977508 -39252.773644
 0.239500 -0.975277 -39252.138012
 0.240000 -0.973078 -39251.965242
 0.240500 -0.970885 -39252.311892
 0.241000 -0.968678 -39253.108235
 0.241500 -0.966441 -39254.176564
 0.242000 -0.964162 -39255.277145
 0.242500 -0.961839 -39256.171883
 0.243000 -0.959480 -39256.691029
 0.243500 -0.957101 -39256.784927
 0.244000 -0.954728 -39256.542934
 0.244500 -0.952397 -39256.167672
 0.245000 -0.950145 -39255.906179
 0.245500 -0.948013 -39255.957610
 0.246000 -0.946038 -39256.391959
 0.246500 -0.944248 -39257.115538
 0.247000 -0.942663 -39257.901419
 0.247500 -0.941292 -39258.473709
 0.248000 -0.940134 -39258.609694
 0.248500 -0.939181 -39258.218082
 0.249000 -0.938418 -39257.366160
 0.249500 -0.937825 -39256.252585
 0.250000 -0.937383 -39255.142130
 0.250500 -0.937072 -39254.287385
 0.251000 -0.936872 -39253.860491
 0.251500 -0.936767 -39253.910745
 0.252000 -0.936744 -39254.355660
 0.252500 -0.936791 -39255.005756
 0.253000 -0.936905 -39255.617397
 0.253500 -0.937082 -39255.962469
 0.254000 -0.937327 -39255.898531
 0.254500 -0.937644 -39255.419387
 0.255000 -0.938041 -39254.666689
 0.255500 -0.938526 -39253.891132
 0.256000 -0.939102 -39253.368582
 0.256500 -0.939771 -39253.297329
 0.257000 -0.940526 -39253.717336
 0.257500 -0.941354 -39254.488743
 0.258000 -0.942234 -39255.342269
 0.258500 -0.943144 -39255.980409
 0.259000 -0.944054 -39256.185494
 0.259500 -0.944936 -39255.891585
 0.260000 -0.945759 -39255.198016
 0.260500 -0.946498 -39254.328333
 0.261000 -0.947127 -39253.556055
 0.261500 -0.947627 -39253.123627
 0.262000 -0.947980 -39253.176677
 0.262500 -0.948178 -39253.727357
 0.263000 -0.948214 -39254.652634
 0.263500 -0.948092 -39255.726796
 0.264000 -0.947820 -39256.681731
 0.264500 -0.947417 -39257.282748
 0.265000 -0.946908 -39257.401633
 0.265500 -0.946327 -39257.064397
 0.266000 -0.945712 -39256.452475
 0.266500 -0.945104 -39255.847266
 0.267000 -0.944540 -39255.529223
 0.267500 -0.944056 -39255.666682
 0.268000 -0.943677 -39256.242116
 0.268500 -0.943420 -39257.051921
 0.269000 -0.943296 -39257.782427
 0.269500 -0.943306 -39258.128327
 0.270000 -0.943448 -39257.902398
 0.270500 -0.943717 -39257.095402
 0.271000 -0.944108 -39255.871188
 0.271500 -0.944619 -39254.509071
 0.272000 -0.945249 -39253.318946
 0.272500 -0.946004 -39252.556510
 0.273000 -0.946890 -39252.359395
 0.273500 -0.947921 -39252.716441
 0.274000 -0.949114 -39253.474673
 0.274500 -0.950491 -39254.382130
 0.275000 -0.952077 -39255.158512
 0.275500 -0.953899 -39255.578780
 0.276000 -0.955981 -39255.548015
 0.276500 -0.958348 -39255.141938
 0.277000 -0.961014 -39254.591676
 0.277500 -0.963987 -39254.207305
 0.278000 -0.967261 -39254.260425
 0.278500 -0.970817 -39254.870847
 0.279000 -0.974627 -39255.947911
 0.279500 -0.978650 -39257.216433
 0.280000 -0.982844 -39258.316766
 0.280500 -0.987160 -39258.933990
 0.281000 -0.991554 -39258.902319
 0.281500 -0.995987 -39258.248989
 0.282000 -1.000424 -39257.171793
 0.282500 -1.004838 -39255.968620
 0.283000 -1.009209 -39254.947308
 0.283500 -1.013525 -39254.342337
 0.284000 -1.017779 -39254.256930
 0.284500 -1.021970 -39254.640683
 0.285000 -1.026103 -39255.305802
 0.285500 -1.030187 -39255.979059
 0.286000 -1.034233 -39256.380279
 0.286500 -1.038257 -39256.310619
 0.287000 -1.042275 -39255.726395
 0.287500 -1.046301 -39254.770705
 0.288000 -1.050348 -39253.741586
 0.288500 -1.054421 -39252.995809
 0.289000 -1.058521 -39252.817145
 0.289500 -1.062640 -39253.302026
 0.290000 -1.066762 -39254.315472
 0.290500 -1.070867 -39255.539809
 0.291000 -1.074932 -39256.593924
 0.291500 -1.078936 -39257.169216
 0.292000 -1.082859 -39257.127525
 0.292500 -1.086686 -39256.531063
 0.293000 -1.090408 -39255.605758
 0.293500 -1.094024 -39254.661115
 0.294000 -1.097537 -39253.996335
 0.294500 -1.100957 -39253.818314
 0.295000 -1.104297 -39254.188675
 0.295500 -1.107579 -39255.008718
 0.296000 -1.110824 -39256.044567
 0.296500 -1.114058 -39256.988705
 0.297000 -1.117306 -39257.547107
 0.297500 -1.120594 -39257.532568
 0.298000 -1.123943 -39256.936666
 0.298500 -1.127368 -39255.950536
 0.299000 -1.130872 -39254.914835
 0.299500 -1.134452 -39254.204719
 0.300000 -1.138088 -39254.088462
 0.300500 -1.141749 -39254.619363
 0.301000 -1.145397 -39255.611832
 0.301500 -1.148985 -39256.713494
 0.302000 -1.152465 -39257.538855
 0.302500 -1.155790 -39257.804908
 0.303000 -1.158918 -39257.416916
 0.303500 -1.161814 -39256.482077
 0.304000 -1.164450 -39255.259791
 0.304500 -1.166807 -39254.074588
 0.305000 -1.168871 -39253.222066
 0.305500 -1.170639 -39252.891312
 0.306000 -1.172109 -39253.119166
 0.306500 -1.173289 -39253.783585
 0.307000 -1.174189 -39254.637120
 0.307500 -1.174823 -39255.375247
 0.308000 -1.175211 -39255.726851
 0.308500 -1.175372 -39255.545037
 0.309000 -1.175328 -39254.869598
 0.309500 -1.175101 -39253.931901
 0.310000 -1.174709 -39253.088179
 0.310500 -1.174169 -39252.695155
 0.311000 -1.173492 -39252.973369
 0.311500 -1.172683 -39253.917463
 0.312000 -1.171744 -39255.295152
 0.312500 -1.170675 -39256.734546
 0.313000 -1.169474 -39257.858436
 0.313500 -1.168141 -39258.408173
 0.314000 -1.166677 -39258.313511
 0.314500 -1.165089 -39257.693975
 0.315000 -1.163384 -39256.803711
 0.315500 -1.161575 -39255.945737
 0.316000 -1.159679 -39255.382811
 0.316500 -1.157715 -39255.266454
 0.317000 -1.155708 -39255.597963
 0.317500 -1.153684 -39256.228261
 0.318000 -1.151675 -39256.897329
 0.318500 -1.149712 -39257.307232
 0.319000 -1.147830 -39257.214274
 0.319500 -1.146063 -39256.516474
 0.320000 -1.144443 -39255.306052
 0.320500 -1.142996 -39253.859880
 0.321000 -1.141742 -39252.558992
 0.321500 -1.140691 -39251.758617
 0.322000 -1.139841 -39251.658561
 0.322500 -1.139179 -39252.230433
 0.323000 -1.138681 -39253.234180
 0.323500 -1.138316 -39254.314093
 0.324000 -1.138046 -39255.129337
 0.324500 -1.137832 -39255.465366
 0.325000 -1.137637 -39255.289579
 0.325500 -1.137424 -39254.742441
 0.326000 -1.137165 -39254.078275
 0.326500 -1.136834 -39253.580933
 0.327000 -1.136413 -39253.479683
 0.327500 -1.135887 -39253.885068
 0.328000 -1.135249 -39254.757297
 0.328500 -1.134495 -39255.913179
 0.329000 -1.133625 -39257.071417
 0.329500 -1.132644 -39257.928902
 0.330000 -1.131558 -39258.251861
 0.330500 -1.130378 -39257.956700
 0.331000 -1.129114 -39257.150951
 0.331500 -1.127775 -39256.110906
 0.332000 -1.126369 -39255.193498
 0.332500 -1.124898 -39254.709667
 0.333000 -1.123359 -39254.809634
 0.333500 -1.121746 -39255.429931
 0.334000 -1.120046 -39256.324357
 0.334500 -1.118246 -39257.161749
 0.335000 -1.116332 -39257.646004
 0.335500 -1.114291 -39257.611253
 0.336000 -1.112114 -39257.063318
 0.336500 -1.109798 -39256.163337
 0.337000 -1.107341 -39255.168308
 0.337500 -1.104750 -39254.351575
 0.338000 -1.102031 -39253.925804
 0.338500 -1.099198 -39253.985985
 0.339000 -1.096267 -39254.483996
 0.339500 -1.093257 -39255.239827
 0.340000 -1.090189 -39255.989209
 0.340500 -1.087086 -39256.459042
 0.341000 -1.083972 -39256.453636
 0.341500 -1.080871 -39255.926314
 0.342000 -1.077802 -39255.008618
 0.342500 -1.074780 -39253.978249
 0.343000 -1.071816 -39253.168921
 0.343500 -1.068907 -39252.852481
 0.344000 -1.066047 -39253.140686
 0.344500 -1.063218 -39253.948192
 0.345000 -1.060395 -39255.030471
 0.345500 -1.057551 -39256.076820
 0.346000 -1.054657 -39256.817871
 0.346500 -1.051685 -39257.107419
 0.347000 -1.048611 -39256.955499
 0.347500 -1.045418 -39256.509698
 0.348000 -1.042090 -39255.998613
 0.348500 -1.038621 -39255.658091
 0.349000 -1.035007 -39255.661031
 0.349500 -1.031251 -39256.067325
 0.350000 -1.027357 -39256.804718
 0.350500 -1.023336 -39257.685201
 0.351000 -1.019200 -39258.454756
 0.351500 -1.014965 -39258.866388
 0.352000 -1.010651 -39258.758188
 0.352500 -1.006277 -39258.111997
 0.353000 -1.001865 -39257.069213
 0.353500 -0.997435 -39255.891590
 0.354000 -0.993004 -39254.875850
 0.354500 -0.988588 -39254.252423
 0.355000 -0.984195 -39254.108458
 0.355500 -0.979834 -39254.365730
 0.356000 -0.975509 -39254.819806
 0.356500 -0.971225 -39255.221016
 0.357000 -0.966989 -39255.363697
 0.357500 -0.962810 -39255.151993
 0.358000 -0.958698 -39254.624003
 0.358500 -0.954670 -39253.932467
 0.359000 -0.950743 -39253.293250
 0.359500 -0.946940 -39252.919298
 0.360000 -0.943284 -39252.958476
 0.360500 -0.939800 -39253.450501
 0.361000 -0.936515 -39254.312969
 0.361500 -0.933458 -39255.360357
 0.362000 -0.930658 -39256.352864
 0.362500 -0.928140 -39257.064226
 0.363000 -0.925932 -39257.350411
 0.363500 -0.924052 -39257.197063
 0.364000 -0.922515 -39256.726581
 0.364500 -0.921327 -39256.157725
 0.365000 -0.920483 -39255.728959
 0.365500 -0.919968 -39255.613212
 0.366000 -0.919757 -39255.857028
 0.366500 -0.919817 -39256.367483
 0.367000 -0.920111 -39256.950141
 0.367500 -0.920600 -39257.381107
 0.368000 -0.921246 -39257.485032
 0.368500 -0.922018 -39257.192029
 0.369000 -0.922889 -39256.557104
 0.369500 -0.923839 -39255.739866
 0.370000 -0.924855 -39254.954328
 0.370500 -0.925929 -39254.405658
 0.371000 -0.927060 -39254.231499
 0.371500 -0.928247 -39254.463376
 0.372000 -0.929492 -39255.017388
 0.372500 -0.930800 -39255.717148
 0.373000 -0.932173 -39256.344263
 0.373500 -0.933612 -39256.703912
 0.374000 -0.935114 -39256.686919
 0.374500 -0.936670 -39256.307470
 0.375000 -0.938268 -39255.700898
 0.375500 -0.939887 -39255.078774
 0.376000 -0.941501 -39254.655367
 0.376500 -0.943082 -39254.572171
 0.377000 -0.944598 -39254.849628
 0.377500 -0.946021 -39255.383316
 0.378000 -0.947327 -39255.984652
 0.378500 -0.948504 -39256.448779
 0.379000 -0.949545 -39256.624099
 0.379500 -0.950458 -39256.460034
 0.380000 -0.951257 -39256.019540
 0.380500 -0.951965 -39255.455743
 0.381000 -0.952611 -39254.962804
 0.381500 -0.953227 -39254.717051
 0.382000 -0.953848 -39254.825078
 0.382500 -0.954508 -39255.292218
 0.383000 -0.955241 -39256.019226
 0.383500 -0.956080 -39256.828309
 0.384000 -0.957051 -39257.512580
 0.384500 -0.958177 -39257.896392
 0.385000 -0.959476 -39257.889228
 0.385500 -0.960954 -39257.515400
 0.386000 -0.962613 -39256.907591
 0.386500 -0.964441 -39256.263643
 0.387000 -0.966421 -39255.779863
 0.387500 -0.968528 -39255.583951
 0.388000 -0.970734 -39255.692087
 0.388500 -0.973009 -39256.006020
 0.389000 -0.975326 -39256.350954
 0.389500 -0.977665 -39256.539599
 0.390000 -0.980012 -39256.438790
 0.390500 -0.982359 -39256.015297
 0.391000 -0.984708 -39255.346929
 0.391500 -0.987064 -39254.597641
 0.392000 -0.989439 -39253.967252
 0.392500 -0.991844 -39253.632532
 0.393000 -0.994294 -39253.696803
 0.393500 -0.996800 -39254.161174
 0.394000 -0.999372 -39254.924290
 0.394500 -1.002017 -39255.810404
 0.395000 -1.004734 -39256.618759
 0.395500 -1.007520 -39257.181360
 0.396000 -1.010362 -39257.412645
 0.396500 -1.013239 -39257.335065
 0.397000 -1.016126 -39257.070419
 0.397500 -1.018991 -39256.797454
 0.398000 -1.021801 -39256.688240
 0.398500 -1.024521 -39256.845218
 0.399000 -1.027122 -39257.261952
 0.399500 -1.029583 -39257.822887
 0.400000 -1.031891 -39258.342877
 0.400500 -1.034047 -39258.631764
 0.401000 -1.036060 -39258.559995
 0.401500 -1.037951 -39258.101906
 0.402000 -1.039745 -39257.343258
 0.402500 -1.041474 -39256.453267
 0.403000 -1.043171 -39255.632981
 0.403500 -1.044872 -39255.057350
 0.404000 -1.046608 -39254.827752
 0.404500 -1.048412 -39254.946896
 0.405000 -1.050310 -39255.321495
 0.405500 -1.052329 -39255.791352
 0.406000 -1.054486 -39256.177373
 0.406500 -1.056796 -39256.336110
 0.407000 -1.059267 -39256.205604
 0.407500 -1.061898 -39255.827970
 0.408000 -1.064683 -39255.339319
 0.408500 -1.067609 -39254.927087
 0.409000 -1.070655 -39254.766361
 0.409500 -1.073799 -39254.956374
 0.410000 -1.077016 -39255.480984
 0.410500 -1.080286 -39256.209809
 0.411000 -1.083589 -39256.941469
 0.411500 -1.086915 -39257.472618
 0.412000 -1.090256 -39257.666739
 0.412500 -1.093615 -39257.497275
 0.413000 -1.096995 -39257.051783
 0.413500 -1.100407 -39256.499192
 0.414000 -1.103861 -39256.034274
 0.414500 -1.107368 -39255.818296
 0.415000 -1.110938 -39255.932668
 0.415500 -1.114577 -39256.357135
 0.416000 -1.118287 -39256.976764
 0.416500 -1.122065 -39257.615243
 0.417000 -1.125899 -39258.086080
 0.417500 -1.129768 -39258.248590
 0.418000 -1.133642 -39258.052963
 0.418500 -1.137483 -39257.559694
 0.419000 -1.141244 -39256.924294
 0.419500 -1.144874 -39256.348556
 0.420000 -1.148319 -39256.012080
 0.420500 -1.151531 -39256.007575
 0.421000 -1.154467 -39256.305132
 0.421500 -1.157098 -39256.761116
 0.422000 -1.159408 -39257.169587
 0.422500 -1.161392 -39257.336264
 0.423000 -1.163059 -39257.146230
 0.423500 -1.164429 -39256.601029
 0.424000 -1.165523 -39255.814878
 0.424500 -1.166370 -39254.975543
 0.425000 -1.166997 -39254.286004
 0.425500 -1.167431 -39253.905968
 0.426000 -1.167695 -39253.909005
 0.426500 -1.167809 -39254.265007
 0.427000 -1.167790 -39254.850874
 0.427500 -1.167651 -39255.486271
 0.428000 -1.167398 -39255.985975
 0.428500 -1.167036 -39256.215946
 0.429000 -1.166566 -39256.137644
 0.429500 -1.165984 -39255.825578
 0.430000 -1.165284 -39255.448540
 0.430500 -1.164462 -39255.215667
 0.431000 -1.163510 -39255.302271
 0.431500 -1.162425 -39255.781703
 0.432000 -1.161208 -39256.591096
 0.432500 -1.159862 -39257.547317
 0.433000 -1.158399 -39258.408411
 0.433500 -1.156831 -39258.956020
 0.434000 -1.155176 -39259.066351
 0.434500 -1.153453 -39258.744714
 0.435000 -1.151678 -39258.115594
 0.435500 -1.149870 -39257.376986
 0.436000 -1.148045 -39256.737477
 0.436500 -1.146215 -39256.355927
 0.437000 -1.144391 -39256.299237
 0.437500 -1.142580 -39256.527110
 0.438000 -1.140787 -39256.906119
 0.438500 -1.139011 -39257.249490
 0.439000 -1.137250 -39257.373638
 0.439500 -1.135494 -39257.157913
 0.440000 -1.133731 -39256.590212
 0.440500 -1.131944 -39255.782281
 0.441000 -1.130111 -39254.944033
 0.441500 -1.128212 -39254.319448
 0.442000 -1.126228 -39254.102857
 0.442500 -1.124144 -39254.366601
 0.443000 -1.121953 -39255.030749
 0.443500 -1.119658 -39255.889655
 0.444000 -1.117266 -39256.685272
 0.444500 -1.114797 -39257.196747
 0.445000 -1.112271 -39257.311048
 0.445500 -1.109712 -39257.051067
 0.446000 -1.107146 -39256.556965
 0.446500 -1.104593 -39256.033686
 0.447000 -1.102075 -39255.684653
 0.447500 -1.099608 -39255.651959
 0.448000 -1.097205 -39255.977291
 0.448500 -1.094874 -39256.591232
 0.449000 -1.092622 -39257.332202
 0.449500 -1.090450 -39257.990774
 0.450000 -1.088357 -39258.369877
 0.450500 -1.086338 -39258.346515
 0.451000 -1.084387 -39257.917098
 0.451500 -1.082492 -39257.208978
 0.452000 -1.080643 -39256.448065
 0.452500 -1.078828 -39255.886871
 0.453000 -1.077036 -39255.715304
 0.453500 -1.075262 -39255.988644
 0.454000 -1.073501 -39256.604270
 0.454500 -1.071755 -39257.338973
 0.455000 -1.070026 -39257.931333
 0.455500 -1.068320 -39258.174316
 0.456000 -1.066645 -39257.982025
 0.456500 -1.065006 -39257.409674
 0.457000 -1.063407 -39256.626509
 0.457500 -1.061850 -39255.857106
 0.458000 -1.060335 -39255.312564
 0.458500 -1.058858 -39255.131153
 0.459000 -1.057414 -39255.342033
 0.459500 -1.055992 -39255.858784
 0.460000 -1.054579 -39256.503497
 0.460500 -1.053158 -39257.056495
 0.461000 -1.051707 -39257.321160
 0.461500 -1.050199 -39257.187853
 0.462000 -1.048604 -39256.677343
 0.462500 -1.046888 -39255.945510
 0.463000 -1.045018 -39255.240484
 0.463500 -1.042964 -39254.820606
 0.464000 -1.040700 -39254.860634
 0.464500 -1.038213 -39255.384000
 0.465000 -1.035500 -39256.251389
 0.465500 -1.032569 -39257.211680
 0.466000 -1.029439 -39257.993014
 0.466500 -1.026137 -39258.395538
 0.467000 -1.022695 -39258.351057
 0.467500 -1.019146 -39257.933029
 0.468000 -1.015520 -39257.321094
 0.468500 -1.011848 -39256.737997
 0.469000 -1.008153 -39256.380709
 0.469500 -1.004457 -39256.364325
 0.470000 -1.000775 -39256.690928
 0.470500 -0.997117 -39257.249045
 0.471000 -0.993492 -39257.843541
 0.471500 -0.989903 -39258.250109
 0.472000 -0.986350 -39258.282813
 0.472500 -0.982833 -39257.857385
 0.473000 -0.979350 -39257.029735
 0.473500 -0.975902 -39255.991746
 0.474000 -0.972491 -39255.017816
 0.474500 -0.969125 -39254.374790
 0.475000 -0.965818 -39254.227105
 0.475500 -0.962589 -39254.576552
 0.476000 -0.959462 -39255.263824
 0.476500 -0.956467 -39256.031402
 0.477000 -0.953629 -39256.619632
 0.477500 -0.950976 -39256.855848
 0.478000 -0.948530 -39256.704597
 0.478500 -0.946306 -39256.267201
 0.479000 -0.944317 -39255.738713
 0.479500 -0.942566 -39255.341649
 0.480000 -0.941055 -39255.257862
 0.480500 -0.939778 -39255.575824
 0.481000 -0.938727 -39256.264335
 0.481500 -0.937888 -39257.177595
 0.482000 -0.937245 -39258.090943
 0.482500 -0.936777 -39258.760780
 0.483000 -0.936458 -39258.995835
 0.483500 -0.936260 -39258.720756
 0.484000 -0.936153 -39258.010080
 0.484500 -0.936106 -39257.074814
 0.485000 -0.936088 -39256.198039
 0.485500 -0.936074 -39255.637412
 0.486000 -0.936049 -39255.531248
 0.486500 -0.936002 -39255.848432
 0.487000 -0.935933 -39256.404779
 0.487500 -0.935852 -39256.937848
 0.488000 -0.935770 -39257.206423
 0.488500 -0.935706 -39257.073902
 0.489000 -0.935677 -39256.547444
 0.489500 -0.935701 -39255.766205
 0.490000 -0.935794 -39254.950428
 0.490500 -0.935967 -39254.332052
 0.491000 -0.936229 -39254.087740
 0.491500 -0.936588 -39254.290356
 0.492000 -0.937044 -39254.888698
 0.492500 -0.937599 -39255.719272
 0.493000 -0.938248 -39256.548338
 0.493500 -0.938987 -39257.136389
 0.494000 -0.939806 -39257.310540
 0.494500 -0.940698 -39257.024291
 0.495000 -0.941653 -39256.382350
 0.495500 -0.942665 -39255.614810
 0.496000 -0.943732 -39255.001925
 0.496500 -0.944856 -39254.773267
 0.497000 -0.946049 -39255.021294
 0.497500 -0.947325 -39255.667225
 0.498000 -0.948706 -39256.494382
 0.498500 -0.950214 -39257.232798
 0.499000 -0.951875 -39257.657456
 0.499500 -0.953708 -39257.661527
 0.500000 -0.955733 -39257.282246
