#! FIELDS time phi ene
#! SET min_phi -pi
#! SET max_phi pi
 0.000500 1.053248 -39252.833551
 0.001000 1.059218 -39252.870148
 0.001500 1.065034 -39253.172469
 0.002000 1.070619 -39253.541173
 0.002500 1.075898 -39253.774188
 0.003000 1.080799 -39253.733233
 0.003500 1.085260 -39253.390938
 0.004000 1.089234 -39252.843812
 0.004500 1.092692 -39252.285598
 0.005000 1.095624 -39251.948237
 0.005500 1.098042 -39252.027053
 0.006000 1.099978 -39252.612229
 0.006500 1.101471 -39253.649330
 0.007000 1.102569 -39254.945623
 0.007500 1.103318 -39256.224728
 0.008000 1.103761 -39257.212691
 0.008500 1.103935 -39257.723965
 0.009000 1.103872 -39257.715250
 0.009500 1.103598 -39257.289435
 0.010000 1.103136 -39256.652447
 0.010500 1.102508 -39256.041787
 0.011000 1.101738 -39255.651849
 0.011500 1.100851 -39255.577917
 0.012000 1.099876 -39255.792900
 0.012500 1.098848 -39256.160920
 0.013000 1.097809 -39256.482494
 0.013500 1.096808 -39256.558789
 0.014000 1.095901 -39256.256842
 0.014500 1.095153 -39255.557122
 0.015000 1.094630 -39254.568523
 0.015500 1.094401 -39253.504383
 0.016000 1.094528 -39252.623610
 0.016500 1.095062 -39252.151809
 0.017000 1.096040 -39252.206080
 0.017500 1.097477 -39252.750614
 0.018000 1.099365 -39253.603408
 0.018500 1.101676 -39254.496034
 0.019000 1.104367 -39255.165200
 0.019500 1.107379 -39255.440249
 0.020000 1.110646 -39255.293591
 0.020500 1.114098 -39254.838918
 0.021000 1.117665 -39254.283434
 0.021500 1.121278 -39253.855417
 0.022000 1.124867 -39253.732092
 0.022500 1.128367 -39253.988188
 0.023000 1.131712 -39254.577063
 0.023500 1.134839 -39255.346581
 0.024000 1.137688 -39256.084072
 0.024500 1.140202 -39256.578301
 0.025000 1.142332 -39256.682633
 0.025500 1.144041 -39256.362621
 0.026000 1.145303 -39255.713733
 0.026500 1.146107 -39254.941053
 0.027000 1.146460 -39254.301897
 0.027500 1.146377 -39254.024418
 0.028000 1.145886 -39254.227511
 0.028500 1.145017 -39254.873079
 0.029000 1.143800 -39255.773760
 0.029500 1.142263 -39256.657001
 0.030000 1.140432 -39257.260491
 0.030500 1.138326 -39257.420189
 0.031000 1.135963 -39257.117999
 0.031500 1.133360 -39256.476237
 0.032000 1.130534 -39255.707761
 0.032500 1.127504 -39255.043697
 0.033000 1.124291 -39254.663203
 0.033500 1.120923 -39254.644084
 0.034000 1.117432 -39254.944880
 0.034500 1.113861 -39255.420038
 0.035000 1.110260 -39255.863571
 0.035500 1.106689 -39256.070377
 0.036000 1.103218 -39255.900461
 0.036500 1.099926 -39255.329253
 0.037000 1.096897 -39254.467674
 0.037500 1.094212 -39253.540877
 0.038000 1.091950 -39252.825267
 0.038500 1.090171 -39252.559220
 0.039000 1.088919 -39252.857902
 0.039500 1.088215 -39253.667351
 0.040000 1.088052 -39254.780245
 0.040500 1.088402 -39255.908982
 0.041000 1.089220 -39256.785537
 0.041500 1.090443 -39257.247386
 0.042000 1.092003 -39257.278839
 0.042500 1.093825 -39256.999405
 0.043000 1.095833 -39256.610740
 0.043500 1.097954 -39256.325280
 0.044000 1.100115 -39256.299601
 0.044500 1.102244 -39256.589644
 0.045000 1.104275 -39257.136367
 0.045500 1.106143 -39257.782984
 0.046000 1.107787 -39258.318493
 0.046500 1.109156 -39258.537638
 0.047000 1.110202 -39258.303461
 0.047500 1.110890 -39257.596143
 0.048000 1.111193 -39256.531828
 0.048500 1.111098 -39255.339893
 0.049000 1.110597 -39254.298667
 0.049500 1.109691 -39253.646347
 0.050000 1.108382 -39253.499002
 0.050500 1.106674 -39253.810329
 0.051000 1.104572 -39254.392515
 0.051500 1.102077 -39254.990090
 0.052000 1.099191 -39255.374792
 0.052500 1.095917 -39255.422826
 0.053000 1.092258 -39255.147960
 0.053500 1.088225 -39254.685056
 0.054000 1.083828 -39254.236895
 0.054500 1.079086 -39254.005973
 0.055000 1.074023 -39254.132439
 0.055500 1.068672 -39254.653391
 0.056000 1.063074 -39255.491451
 0.056500 1.057281 -39256.473576
 0.057000 1.051357 -39257.375626
 0.057500 1.045378 -39257.983086
 0.058000 1.039431 -39258.153984
 0.058500 1.033612 -39257.866622
 0.059000 1.028023 -39257.234698
 0.059500 1.022762 -39256.478680
 0.060000 1.017920 -39255.856262
 0.060500 1.013573 -39255.573083
 0.061000 1.009775 -39255.708101
 0.061500 1.006558 -39256.186019
 0.062000 1.003929 -39256.809589
 0.062500 1.001872 -39257.337303
 0.063000 1.000356 -39257.572680
 0.063500 0.999336 -39257.429910
 0.064000 0.998758 -39256.955038
 0.064500 0.998564 -39256.301766
 0.065000 0.998697 -39255.676259
 0.065500 0.999097 -39255.271717
 0.066000 0.999708 -39255.211808
 0.066500 1.000476 -39255.516474
 0.067000 1.001352 -39256.096157
 0.067500 1.002288 -39256.775267
 0.068000 1.003243 -39257.339357
 0.068500 1.004179 -39257.596033
 0.069000 1.005066 -39257.434773
 0.069500 1.005876 -39256.867855
 0.070000 1.006588 -39256.035776
 0.070500 1.007180 -39255.168842
 0.071000 1.007632 -39254.512835
 0.071500 1.007920 -39254.243395
 0.072000 1.008021 -39254.403815
 0.072500 1.007904 -39254.893214
 0.073000 1.007541 -39255.509972
 0.073500 1.006903 -39256.030588
 0.074000 1.005968 -39256.290356
 0.074500 1.004715 -39256.235749
 0.075000 1.003136 -39255.933831
 0.075500 1.001228 -39255.541747
 0.076000 0.998996 -39255.251369
 0.076500 0.996456 -39255.228185
 0.077000 0.993631 -39255.561223
 0.077500 0.990554 -39256.235406
 0.078000 0.987269 -39257.131833
 0.078500 0.983829 -39258.055824
 0.079000 0.980297 -39258.787307
 0.079500 0.976747 -39259.142596
 0.080000 0.973261 -39259.031504
 0.080500 0.969924 -39258.490985
 0.081000 0.966823 -39257.679737
 0.081500 0.964040 -39256.829463
 0.082000 0.961645 -39256.166116
 0.082500 0.959693 -39255.830246
 0.083000 0.958222 -39255.829413
 0.083500 0.957249 -39256.042873
 0.084000 0.956775 -39256.275196
 0.084500 0.956786 -39256.334613
 0.085000 0.957256 -39256.104089
 0.085500 0.958153 -39255.580297
 0.086000 0.959439 -39254.871278
 0.086500 0.961076 -39254.159021
 0.087000 0.963023 -39253.642547
 0.087500 0.965241 -39253.479565
 0.088000 0.967692 -39253.741822
 0.088500 0.970339 -39254.394147
 0.089000 0.973147 -39255.301419
 0.089500 0.976082 -39256.262208
 0.090000 0.979113 -39257.062286
 0.090500 0.982211 -39257.535600
 0.091000 0.985346 -39257.615619
 0.091500 0.988490 -39257.358884
 0.092000 0.991610 -39256.928107
 0.092500 0.994672 -39256.535635
 0.093000 0.997635 -39256.365341
 0.093500 1.000451 -39256.503334
 0.094000 1.003070 -39256.906472
 0.094500 1.005441 -39257.421645
 0.095000 1.007514 -39257.846184
 0.095500 1.009246 -39258.003375
 0.096000 1.010602 -39257.803759
 0.096500 1.011560 -39257.272431
 0.097000 1.012108 -39256.537475
 0.097500 1.012247 -39255.787949
 0.098000 1.011990 -39255.217171
 0.098500 1.011359 -39254.968090
 0.099000 1.010389 -39255.094385
 0.099500 1.009124 -39255.545936
 0.100000 1.007619 -39256.181842
 0.100500 1.005938 -39256.808677
 0.101000 1.004152 -39257.235874
 0.101500 1.002343 -39257.334305
 0.102000 1.000593 -39257.080110
 0.102500 0.998985 -39256.566505
 0.103000 0.997596 -39255.974770
 0.103500 0.996491 -39255.510831
 0.104000 0.995723 -39255.329941
 0.104500 0.995325 -39255.479785
 0.105000 0.995316 -39255.885011
 0.105500 0.995698 -39256.378944
 0.106000 0.996462 -39256.767463
 0.106500 0.997591 -39256.899036
 0.107000 0.999063 -39256.715493
 0.107500 1.000855 -39256.268357
 0.108000 1.002944 -39255.699288
 0.108500 1.005309 -39255.194398
 0.109000 1.007929 -39254.928021
 0.109500 1.010787 -39255.011977
 0.110000 1.013867 -39255.462857
 0.110500 1.017152 -39256.195477
 0.111000 1.020629 -39257.043872
 0.111500 1.024281 -39257.806246
 0.112000 1.028094 -39258.303192
 0.112500 1.032047 -39258.433178
 0.113000 1.036118 -39258.206607
 0.113500 1.040274 -39257.743542
 0.114000 1.044479 -39257.231853
 0.114500 1.048682 -39256.858607
 0.115000 1.052829 -39256.740756
 0.115500 1.056854 -39256.882926
 0.116000 1.060693 -39257.178771
 0.116500 1.064281 -39257.453627
 0.117000 1.067562 -39257.530067
 0.117500 1.070488 -39257.291166
 0.118000 1.073026 -39256.720039
 0.118500 1.075153 -39255.905064
 0.119000 1.076863 -39255.012529
 0.119500 1.078162 -39254.237746
 0.120000 1.079065 -39253.750056
 0.120500 1.079601 -39253.646611
 0.121000 1.079808 -39253.926390
 0.121500 1.079733 -39254.490822
 0.122000 1.079434 -39255.171585
 0.122500 1.078974 -39255.779797
 0.123000 1.078426 -39256.164205
 0.123500 1.077864 -39256.260839
 0.124000 1.077363 -39256.115926
 0.124500 1.076993 -39255.870471
 0.125000 1.076818 -39255.708756
 0.125500 1.076886 -39255.788567
 0.126000 1.077233 -39256.180114
 0.126500 1.077878 -39256.837504
 0.127000 1.078827 -39257.612850
 0.127500 1.080077 -39258.306037
 0.128000 1.081617 -39258.730686
 0.128500 1.083429 -39258.772961
 0.129000 1.085497 -39258.424713
 0.129500 1.087802 -39257.782635
 0.130000 1.090327 -39257.016569
 0.130500 1.093057 -39256.318588
 0.131000 1.095977 -39255.848298
 0.131500 1.099072 -39255.689104
 0.132000 1.102329 -39255.826452
 0.132500 1.105733 -39256.153755
 0.133000 1.109269 -39256.505344
 0.133500 1.112918 -39256.708923
 0.134000 1.116657 -39256.643479
 0.134500 1.120456 -39256.283775
 0.135000 1.124276 -39255.714621
 0.135500 1.128068 -39255.106092
 0.136000 1.131771 -39254.655983
 0.136500 1.135313 -39254.519794
 0.137000 1.138616 -39254.754680
 0.137500 1.141601 -39255.298353
 0.138000 1.144189 -39255.989936
 0.138500 1.146313 -39256.623996
 0.139000 1.147917 -39257.017691
 0.139500 1.148960 -39257.067831
 0.140000 1.149420 -39256.779967
 0.140500 1.149287 -39256.262236
 0.141000 1.148567 -39255.689008
 0.141500 1.147278 -39255.246913
 0.142000 1.145449 -39255.079931
 0.142500 1.143119 -39255.248220
 0.143000 1.140334 -39255.711108
 0.143500 1.137150 -39256.338737
 0.144000 1.133632 -39256.950157
 0.144500 1.129850 -39257.368575
 0.145000 1.125879 -39257.478255
 0.145500 1.121798 -39257.264458
 0.146000 1.117685 -39256.820965
 0.146500 1.113613 -39256.319907
 0.147000 1.109649 -39255.952943
 0.147500 1.105849 -39255.864466
 0.148000 1.102259 -39256.100847
 0.148500 1.098915 -39256.593561
 0.149000 1.095847 -39257.181456
 0.149500 1.093074 -39257.664029
 0.150000 1.090614 -39257.866970
 0.150500 1.088480 -39257.697748
 0.151000 1.086681 -39257.173283
 0.151500 1.085227 -39256.412352
 0.152000 1.084123 -39255.597501
 0.152500 1.083375 -39254.919968
 0.153000 1.082987 -39254.524544
 0.153500 1.082958 -39254.469626
 0.154000 1.083288 -39254.712763
 0.154500 1.083972 -39255.125477
 0.155000 1.085001 -39255.533842
 0.155500 1.086357 -39255.774123
 0.156000 1.088015 -39255.747229
 0.156500 1.089938 -39255.454127
 0.157000 1.092072 -39254.998959
 0.157500 1.094350 -39254.556941
 0.158000 1.096690 -39254.316744
 0.158500 1.098999 -39254.416452
 0.159000 1.101177 -39254.894722
 0.159500 1.103125 -39255.674074
 0.160000 1.104752 -39256.582809
 0.160500 1.105977 -39257.408798
 0.161000 1.106739 -39257.966659
 0.161500 1.106992 -39258.154679
 0.162000 1.106708 -39257.982320
 0.162500 1.105875 -39257.560829
 0.163000 1.104494 -39257.062782
 0.163500 1.102579 -39256.665551
 0.164000 1.100154 -39256.496682
 0.164500 1.097248 -39256.596543
 0.165000 1.093900 -39256.907860
 0.165500 1.090156 -39257.294422
 0.166000 1.086068 -39257.583841
 0.166500 1.081690 -39257.622446
 0.167000 1.077083 -39257.326157
 0.167500 1.072307 -39256.711235
 0.168000 1.067422 -39255.894302
 0.168500 1.062486 -39255.060586
 0.169000 1.057551 -39254.409383
 0.169500 1.052668 -39254.092965
 0.170000 1.047881 -39254.167963
 0.170500 1.043234 -39254.575943
 0.171000 1.038765 -39255.161797
 0.171500 1.034514 -39255.725471
 0.172000 1.030516 -39256.089199
 0.172500 1.026805 -39256.155651
 0.173000 1.023413 -39255.936448
 0.173500 1.020369 -39255.543137
 0.174000 1.017697 -39255.146176
 0.174500 1.015421 -39254.918119
 0.175000 1.013560 -39254.978992
 0.175500 1.012129 -39255.359501
 0.176000 1.011142 -39255.991301
 0.176500 1.010603 -39256.725956
 0.177000 1.010513 -39257.377494
 0.177500 1.010860 -39257.776465
 0.178000 1.011619 -39257.820796
 0.178500 1.012748 -39257.508496
 0.179000 1.014189 -39256.941751
 0.179500 1.015863 -39256.299405
 0.180000 1.017677 -39255.783626
 0.180500 1.019525 -39255.555139
 0.181000 1.021301 -39255.677807
 0.181500 1.022900 -39256.093748
 0.182000 1.024228 -39256.641444
 0.182500 1.025207 -39257.112361
 0.183000 1.025779 -39257.324774
 0.183500 1.025904 -39257.186023
 0.184000 1.025558 -39256.720679
 0.184500 1.024735 -39256.057339
 0.185000 1.023441 -39255.382668
 0.185500 1.021690 -39254.880718
 0.186000 1.019507 -39254.677323
 0.186500 1.016920 -39254.804826
 0.187000 1.013963 -39255.195176
 0.187500 1.010676 -39255.701568
 0.188000 1.007097 -39256.141825
 0.188500 1.003271 -39256.351697
 0.189000 0.999239 -39256.233924
 0.189500 0.995045 -39255.789865
 0.190000 0.990728 -39255.124266
 0.190500 0.986331 -39254.419647
 0.191000 0.981893 -39253.884143
 0.191500 0.977458 -39253.685691
 0.192000 0.973069 -39253.893708
 0.192500 0.968774 -39254.451594
 0.193000 0.964623 -39255.194327
 0.193500 0.960667 -39255.906766
 0.194000 0.956957 -39256.399750
 0.194500 0.953543 -39256.573546
 0.195000 0.950470 -39256.445639
 0.195500 0.947782 -39256.136377
 0.196000 0.945517 -39255.822148
 0.196500 0.943709 -39255.674953
 0.197000 0.942390 -39255.807950
 0.197500 0.941586 -39256.241500
 0.198000 0.941319 -39256.896704
 0.198500 0.941603 -39257.616133
 0.199000 0.942445 -39258.205461
 0.199500 0.943837 -39258.485802
 0.200000 0.945756 -39258.344473
 0.200500 0.948164 -39257.771595
 0.201000 0.951000 -39256.871123
 0.201500 0.954187 -39255.838816
 0.202000 0.957634 -39254.907899
 0.202500 0.961239 -39254.275831
 0.203000 0.964900 -39254.037870
 0.203500 0.968519 -39254.155297
 0.204000 0.972011 -39254.474884
 0.204500 0.975305 -39254.792433
 0.205000 0.978348 -39254.933282
 0.205500 0.981104 -39254.816322
 0.206000 0.983554 -39254.478442
 0.206500 0.985689 -39254.055075
 0.207000 0.987515 -39253.729223
 0.207500 0.989044 -39253.669463
 0.208000 0.990295 -39253.976753
 0.208500 0.991288 -39254.653614
 0.209000 0.992049 -39255.601412
 0.209500 0.992599 -39256.644190
 0.210000 0.992962 -39257.572169
 0.210500 0.993157 -39258.195213
 0.211000 0.993200 -39258.393793
 0.211500 0.993105 -39258.155124
 0.212000 0.992883 -39257.582258
 0.212500 0.992548 -39256.868276
 0.213000 0.992114 -39256.237496
 0.213500 0.991603 -39255.869843
 0.214000 0.991045 -39255.836394
 0.214500 0.990475 -39256.074382
 0.215000 0.989936 -39256.414550
 0.215500 0.989478 -39256.649902
 0.216000 0.989152 -39256.616155
 0.216500 0.989010 -39256.251212
 0.217000 0.989100 -39255.613519
 0.217500 0.989471 -39254.857858
 0.218000 0.990166 -39254.182452
 0.218500 0.991223 -39253.767503
 0.219000 0.992675 -39253.723580
 0.219500 0.994550 -39254.061989
 0.220000 0.996866 -39254.692067
 0.220500 0.999633 -39255.444367
 0.221000 1.002845 -39256.114161
 0.221500 1.006483 -39256.516353
 0.222000 1.010508 -39256.539539
 0.222500 1.014866 -39256.184369
 0.223000 1.019480 -39255.571063
 0.223500 1.024265 -39254.907015
 0.224000 1.029122 -39254.418958
 0.224500 1.033954 -39254.271287
 0.225000 1.038667 -39254.503609
 0.225500 1.043177 -39255.015778
 0.226000 1.047418 -39255.608724
 0.226500 1.051339 -39256.063121
 0.227000 1.054907 -39256.221850
 0.227500 1.058106 -39256.043679
 0.228000 1.060931 -39255.611624
 0.228500 1.063388 -39255.099052
 0.229000 1.065491 -39254.710405
 0.229500 1.067258 -39254.617700
 0.230000 1.068710 -39254.910604
 0.230500 1.069867 -39255.571061
 0.231000 1.070750 -39256.476324
 0.231500 1.071375 -39257.428520
 0.232000 1.071759 -39258.204455
 0.232500 1.071912 -39258.615355
 0.233000 1.071845 -39258.562492
 0.233500 1.071569 -39258.071814
 0.234000 1.071098 -39257.292357
 0.234500 1.070452 -39256.451831
 0.235000 1.069660 -39255.779414
 0.235500 1.068760 -39255.422702
 0.236000 1.067800 -39255.393539
 0.236500 1.066840 -39255.567634
 0.237000 1.065940 -39255.738852
 0.237500 1.065165 -39255.703962
 0.238000 1.064581 -39255.341754
 0.238500 1.064246 -39254.656780
 0.239000 1.064217 -39253.776214
 0.239500 1.064543 -39252.907251
 0.240000 1.065267 -39252.273728
 0.240500 1.066425 -39252.052634
 0.241000 1.068046 -39252.326650
 0.241500 1.070149 -39253.062341
 0.242000 1.072745 -39254.117185
 0.242500 1.075831 -39255.273725
 0.243000 1.079391 -39256.294478
 0.243500 1.083391 -39256.986428
 0.244000 1.087781 -39257.258435
 0.244500 1.092493 -39257.152253
 0.245000 1.097445 -39256.831080
 0.245500 1.102541 -39256.522364
 0.246000 1.107684 -39256.431053
 0.246500 1.112776 -39256.656445
 0.247000 1.117725 -39257.148996
 0.247500 1.122453 -39257.727515
 0.248000 1.126895 -39258.149796
 0.248500 1.131002 -39258.205379
 0.249000 1.134740 -39257.792361
 0.249500 1.138086 -39256.951144
 0.250000 1.141028 -39255.848594
 0.250500 1.143561 -39254.724540
 0.251000 1.145681 -39253.821726
 0.251500 1.147390 -39253.320465
 0.252000 1.148687 -39253.293686
 0.252500 1.149568 -39253.690988
 0.253000 1.150028 -39254.353934
 0.253500 1.150060 -39255.059397
 0.254000 1.149655 -39255.582279
 0.254500 1.148804 -39255.763248
 0.255000 1.147502 -39255.562120
 0.255500 1.145754 -39255.076676
 0.256000 1.143574 -39254.513979
 0.256500 1.140995 -39254.117635
 0.257000 1.138064 -39254.074723
 0.257500 1.134848 -39254.439659
 0.258000 1.131426 -39255.108725
 0.258500 1.127885 -39255.857567
 0.259000 1.124318 -39256.425381
 0.259500 1.120815 -39256.609801
 0.260000 1.117459 -39256.335377
 0.260500 1.114325 -39255.673886
 0.261000 1.111480 -39254.815871
 0.261500 1.108977 -39254.009085
 0.262000 1.106859 -39253.485850
 0.262500 1.105161 -39253.399924
 0.263000 1.103905 -39253.787042
 0.263500 1.103105 -39254.556638
 0.264000 1.102763 -39255.516059
 0.264500 1.102868 -39256.422778
 0.265000 1.103400 -39257.053778
 0.265500 1.104321 -39257.274662
 0.266000 1.105584 -39257.086595
 0.266500 1.107130 -39256.630765
 0.267000 1.108890 -39256.141672
 0.267500 1.110793 -39255.860282
 0.268000 1.112765 -39255.938343
 0.268500 1.114737 -39256.373749
 0.269000 1.116645 -39257.006227
 0.269500 1.118433 -39257.576062
 0.270000 1.120056 -39257.820711
 0.270500 1.121473 -39257.569236
 0.271000 1.122654 -39256.799843
 0.271500 1.123570 -39255.644157
 0.272000 1.124196 -39254.344018
 0.272500 1.124509 -39253.179767
 0.273000 1.124483 -39252.393661
 0.273500 1.124092 -39252.128348
 0.274000 1.123308 -39252.393793
 0.274500 1.122099 -39253.068737
 0.275000 1.120432 -39253.936158
 0.275500 1.118275 -39254.745822
 0.276000 1.115597 -39255.289614
 0.276500 1.112376 -39255.469204
 0.277000 1.108603 -39255.332578
 0.277500 1.104285 -39255.061279
 0.278000 1.099449 -39254.905561
 0.278500 1.094147 -39255.086421
 0.279000 1.088452 -39255.702245
 0.279500 1.082457 -39256.679728
 0.280000 1.076264 -39257.792208
 0.280500 1.069986 -39258.738119
 0.281000 1.063730 -39259.246279
 0.281500 1.057599 -39259.165917
 0.282000 1.051682 -39258.510408
 0.282500 1.046057 -39257.445482
 0.283000 1.040789 -39256.233083
 0.283500 1.035927 -39255.153340
 0.284000 1.031513 -39254.428281
 0.284500 1.027576 -39254.166082
 0.285000 1.024136 -39254.337230
 0.285500 1.021205 -39254.786937
 0.286000 1.018785 -39255.281491
 0.286500 1.016872 -39255.579174
 0.287000 1.015451 -39255.508805
 0.287500 1.014498 -39255.032950
 0.288000 1.013981 -39254.271677
 0.288500 1.013862 -39253.471659
 0.289000 1.014096 -39252.924097
 0.289500 1.014637 -39252.857900
 0.290000 1.015437 -39253.349750
 0.290500 1.016451 -39254.289473
 0.291000 1.017637 -39255.416447
 0.291500 1.018955 -39256.411624
 0.292000 1.020366 -39257.006776
 0.292500 1.021836 -39257.069061
 0.293000 1.023329 -39256.633876
 0.293500 1.024808 -39255.881834
 0.294000 1.026236 -39255.074832
 0.294500 1.027570 -39254.475129
 0.295000 1.028765 -39254.271085
 0.295500 1.029771 -39254.527257
 0.296000 1.030533 -39255.168864
 0.296500 1.030993 -39256.003423
 0.297000 1.031088 -39256.775368
 0.297500 1.030758 -39257.241904
 0.298000 1.029945 -39257.251257
 0.298500 1.028602 -39256.799036
 0.299000 1.026699 -39256.040180
 0.299500 1.024224 -39255.244961
 0.300000 1.021192 -39254.707927
 0.300500 1.017645 -39254.640459
 0.301000 1.013649 -39255.089139
 0.301500 1.009290 -39255.914707
 0.302000 1.004665 -39256.841226
 0.302500 0.999880 -39257.554733
 0.303000 0.995035 -39257.810934
 0.303500 0.990222 -39257.511686
 0.304000 0.985522 -39256.727296
 0.304500 0.981004 -39255.664127
 0.305000 0.976722 -39254.595461
 0.305500 0.972719 -39253.780137
 0.306000 0.969028 -39253.391860
 0.306500 0.965671 -39253.475767
 0.307000 0.962666 -39253.940527
 0.307500 0.960022 -39254.587128
 0.308000 0.957745 -39255.168203
 0.308500 0.955836 -39255.464291
 0.309000 0.954292 -39255.357194
 0.309500 0.953105 -39254.876401
 0.310000 0.952267 -39254.199049
 0.310500 0.951767 -39253.596790
 0.311000 0.951592 -39253.343053
 0.311500 0.951731 -39253.612939
 0.312000 0.952170 -39254.414917
 0.312500 0.952896 -39255.582751
 0.313000 0.953895 -39256.831366
 0.313500 0.955148 -39257.853602
 0.314000 0.956636 -39258.419560
 0.314500 0.958335 -39258.442875
 0.315000 0.960218 -39257.995069
 0.315500 0.962252 -39257.270170
 0.316000 0.964401 -39256.516974
 0.316500 0.966625 -39255.962460
 0.317000 0.968877 -39255.747682
 0.317500 0.971109 -39255.890968
 0.318000 0.973267 -39256.285856
 0.318500 0.975294 -39256.733801
 0.319000 0.977133 -39257.004538
 0.319500 0.978728 -39256.909552
 0.320000 0.980029 -39256.368526
 0.320500 0.980998 -39255.446477
 0.321000 0.981610 -39254.344994
 0.321500 0.981859 -39253.344651
 0.322000 0.981763 -39252.714431
 0.322500 0.981358 -39252.619644
 0.323000 0.980700 -39253.063823
 0.323500 0.979856 -39253.888328
 0.324000 0.978903 -39254.830015
 0.324500 0.977914 -39255.613457
 0.325000 0.976960 -39256.041524
 0.325500 0.976104 -39256.052207
 0.326000 0.975399 -39255.726138
 0.326500 0.974885 -39255.248646
 0.327000 0.974597 -39254.844030
 0.327500 0.974559 -39254.704393
 0.328000 0.974787 -39254.932820
 0.328500 0.975295 -39255.514090
 0.329000 0.976090 -39256.318959
 0.329500 0.977176 -39257.140469
 0.330000 0.978554 -39257.753827
 0.330500 0.980221 -39257.984785
 0.331000 0.982172 -39257.767099
 0.331500 0.984398 -39257.169545
 0.332000 0.986891 -39256.380176
 0.332500 0.989639 -39255.648909
 0.333000 0.992628 -39255.205547
 0.333500 0.995844 -39255.181856
 0.334000 0.999272 -39255.566998
 0.334500 1.002895 -39256.213763
 0.335000 1.006691 -39256.892958
 0.335500 1.010638 -39257.374176
 0.336000 1.014709 -39257.502038
 0.336500 1.018874 -39257.241566
 0.337000 1.023100 -39256.680858
 0.337500 1.027350 -39255.995230
 0.338000 1.031584 -39255.388760
 0.338500 1.035758 -39255.032368
 0.339000 1.039825 -39255.015485
 0.339500 1.043734 -39255.322587
 0.340000 1.047432 -39255.839412
 0.340500 1.050866 -39256.386553
 0.341000 1.053980 -39256.772654
 0.341500 1.056724 -39256.853338
 0.342000 1.059056 -39256.579003
 0.342500 1.060946 -39256.015845
 0.343000 1.062379 -39255.330421
 0.343500 1.063363 -39254.739678
 0.344000 1.063925 -39254.440895
 0.344500 1.064109 -39254.545255
 0.345000 1.063977 -39255.039600
 0.345500 1.063599 -39255.791588
 0.346000 1.063048 -39256.596487
 0.346500 1.062395 -39257.247708
 0.347000 1.061703 -39257.603709
 0.347500 1.061028 -39257.628146
 0.348000 1.060413 -39257.392182
 0.348500 1.059893 -39257.042575
 0.349000 1.059494 -39256.749553
 0.349500 1.059234 -39256.652157
 0.350000 1.059130 -39256.816504
 0.350500 1.059192 -39257.217122
 0.351000 1.059430 -39257.744934
 0.351500 1.059855 -39258.239161
 0.352000 1.060474 -39258.534706
 0.352500 1.061300 -39258.512389
 0.353000 1.062342 -39258.137601
 0.353500 1.063614 -39257.474906
 0.354000 1.065126 -39256.672280
 0.354500 1.066888 -39255.917825
 0.355000 1.068906 -39255.381566
 0.355500 1.071182 -39255.161567
 0.356000 1.073709 -39255.253725
 0.356500 1.076474 -39255.557006
 0.357000 1.079456 -39255.912486
 0.357500 1.082623 -39256.161261
 0.358000 1.085940 -39256.199253
 0.358500 1.089362 -39256.009661
 0.359000 1.092844 -39255.663937
 0.359500 1.096336 -39255.294117
 0.360000 1.099785 -39255.048206
 0.360500 1.103140 -39255.043638
 0.361000 1.106345 -39255.332012
 0.361500 1.109347 -39255.883856
 0.362000 1.112094 -39256.596326
 0.362500 1.114533 -39257.321186
 0.363000 1.116617 -39257.905616
 0.363500 1.118304 -39258.235141
 0.364000 1.119565 -39258.266615
 0.364500 1.120379 -39258.041343
 0.365000 1.120742 -39257.672694
 0.365500 1.120668 -39257.310197
 0.366000 1.120184 -39257.090090
 0.366500 1.119332 -39257.088487
 0.367000 1.118164 -39257.294508
 0.367500 1.116737 -39257.614624
 0.368000 1.115108 -39257.907525
 0.368500 1.113332 -39258.036297
 0.369000 1.111458 -39257.917647
 0.369500 1.109529 -39257.550342
 0.370000 1.107581 -39257.014307
 0.370500 1.105641 -39256.443273
 0.371000 1.103735 -39255.982208
 0.371500 1.101881 -39255.743985
 0.372000 1.100099 -39255.777443
 0.372500 1.098407 -39256.055236
 0.373000 1.096822 -39256.483273
 0.373500 1.095366 -39256.928631
 0.374000 1.094061 -39257.258273
 0.374500 1.092934 -39257.378132
 0.375000 1.092014 -39257.261608
 0.375500 1.091330 -39256.958626
 0.376000 1.090913 -39256.581004
 0.376500 1.090792 -39256.267193
 0.377000 1.090988 -39256.135964
 0.377500 1.091516 -39256.244813
 0.378000 1.092378 -39256.568639
 0.378500 1.093566 -39257.007956
 0.379000 1.095059 -39257.424359
 0.379500 1.096821 -39257.689697
 0.380000 1.098810 -39257.730130
 0.380500 1.100973 -39257.549297
 0.381000 1.103253 -39257.224174
 0.381500 1.105590 -39256.877500
 0.382000 1.107919 -39256.637731
 0.382500 1.110178 -39256.599713
 0.383000 1.112301 -39256.797092
 0.383500 1.114227 -39257.193041
 0.384000 1.115896 -39257.690703
 0.384500 1.117253 -39258.160098
 0.385000 1.118247 -39258.474513
 0.385500 1.118837 -39258.546964
 0.386000 1.118993 -39258.356973
 0.386500 1.118697 -39257.958913
 0.387000 1.117943 -39257.467631
 0.387500 1.116739 -39257.023218
 0.388000 1.115105 -39256.744681
 0.388500 1.113070 -39256.688325
 0.389000 1.110666 -39256.827337
 0.389500 1.107930 -39257.062022
 0.390000 1.104895 -39257.257684
 0.390500 1.101593 -39257.295250
 0.391000 1.098052 -39257.114773
 0.391500 1.094297 -39256.736106
 0.392000 1.090350 -39256.251332
 0.392500 1.086230 -39255.794082
 0.393000 1.081958 -39255.497812
 0.393500 1.077555 -39255.456444
 0.394000 1.073046 -39255.698169
 0.394500 1.068459 -39256.178308
 0.395000 1.063828 -39256.792032
 0.395500 1.059195 -39257.403114
 0.396000 1.054608 -39257.881421
 0.396500 1.050120 -39258.139643
 0.397000 1.045793 -39258.159111
 0.397500 1.041690 -39257.996123
 0.398000 1.037873 -39257.764526
 0.398500 1.034401 -39257.597360
 0.399000 1.031324 -39257.598806
 0.399500 1.028680 -39257.803680
 0.400000 1.026491 -39258.161237
 0.400500 1.024764 -39258.551399
 0.401000 1.023488 -39258.827822
 0.401500 1.022639 -39258.870660
 0.402000 1.022181 -39258.628493
 0.402500 1.022068 -39258.134863
 0.403000 1.022250 -39257.495977
 0.403500 1.022673 -39256.856608
 0.404000 1.023280 -39256.357078
 0.404500 1.024016 -39256.094465
 0.405000 1.024827 -39256.098160
 0.405500 1.025660 -39256.324698
 0.406000 1.026467 -39256.672134
 0.406500 1.027204 -39257.010004
 0.407000 1.027831 -39257.217616
 0.407500 1.028320 -39257.221227
 0.408000 1.028645 -39257.019460
 0.408500 1.028792 -39256.687718
 0.409000 1.028753 -39256.356915
 0.409500 1.028529 -39256.170064
 0.410000 1.028122 -39256.230018
 0.410500 1.027536 -39256.558042
 0.411000 1.026777 -39257.081299
 0.411500 1.025846 -39257.656112
 0.412000 1.024744 -39258.118348
 0.412500 1.023467 -39258.340531
 0.413000 1.022012 -39258.273614
 0.413500 1.020375 -39257.959534
 0.414000 1.018551 -39257.513265
 0.414500 1.016541 -39257.083655
 0.415000 1.014348 -39256.807340
 0.415500 1.011981 -39256.769498
 0.416000 1.009453 -39256.981166
 0.416500 1.006788 -39257.377632
 0.417000 1.004014 -39257.837409
 0.417500 1.001172 -39258.217042
 0.418000 0.998307 -39258.393477
 0.418500 0.995475 -39258.303123
 0.419000 0.992736 -39257.965770
 0.419500 0.990154 -39257.483530
 0.420000 0.987790 -39257.011156
 0.420500 0.985702 -39256.704238
 0.421000 0.983936 -39256.662315
 0.421500 0.982527 -39256.889410
 0.422000 0.981494 -39257.289588
 0.422500 0.980839 -39257.700878
 0.423000 0.980551 -39257.953956
 0.423500 0.980607 -39257.931784
 0.424000 0.980974 -39257.607844
 0.424500 0.981614 -39257.051472
 0.425000 0.982484 -39256.402268
 0.425500 0.983540 -39255.825375
 0.426000 0.984739 -39255.462933
 0.426500 0.986037 -39255.395190
 0.427000 0.987393 -39255.620333
 0.427500 0.988771 -39256.056630
 0.428000 0.990135 -39256.565900
 0.428500 0.991456 -39256.993064
 0.429000 0.992710 -39257.212686
 0.429500 0.993879 -39257.170494
 0.430000 0.994949 -39256.906288
 0.430500 0.995916 -39256.547419
 0.431000 0.996773 -39256.269862
 0.431500 0.997520 -39256.236414
 0.432000 0.998153 -39256.533671
 0.432500 0.998668 -39257.133797
 0.433000 0.999056 -39257.898875
 0.433500 0.999307 -39258.627371
 0.434000 0.999408 -39259.123584
 0.434500 0.999345 -39259.262142
 0.435000 0.999108 -39259.024392
 0.435500 0.998689 -39258.497246
 0.436000 0.998084 -39257.839704
 0.436500 0.997296 -39257.231457
 0.437000 0.996334 -39256.820313
 0.437500 0.995217 -39256.682269
 0.438000 0.993967 -39256.802964
 0.438500 0.992620 -39257.083801
 0.439000 0.991216 -39257.371177
 0.439500 0.989807 -39257.502804
 0.440000 0.988450 -39257.360151
 0.440500 0.987207 -39256.913131
 0.441000 0.986142 -39256.240924
 0.441500 0.985317 -39255.517244
 0.442000 0.984787 -39254.958762
 0.442500 0.984595 -39254.750827
 0.443000 0.984772 -39254.977822
 0.443500 0.985331 -39255.587785
 0.444000 0.986270 -39256.408051
 0.444500 0.987574 -39257.206095
 0.445000 0.989215 -39257.769981
 0.445500 0.991162 -39257.976257
 0.446000 0.993377 -39257.822489
 0.446500 0.995821 -39257.417512
 0.447000 0.998459 -39256.938800
 0.447500 1.001255 -39256.574100
 0.448000 1.004175 -39256.465364
 0.448500 1.007190 -39256.668881
 0.449000 1.010272 -39257.139804
 0.449500 1.013395 -39257.743725
 0.450000 1.016536 -39258.292971
 0.450500 1.019677 -39258.600411
 0.451000 1.022798 -39258.538446
 0.451500 1.025887 -39258.086497
 0.452000 1.028929 -39257.349190
 0.452500 1.031912 -39256.532890
 0.453000 1.034820 -39255.881781
 0.453500 1.037637 -39255.592707
 0.454000 1.040343 -39255.741533
 0.454500 1.042912 -39256.252985
 0.455000 1.045318 -39256.928262
 0.455500 1.047535 -39257.518666
 0.456000 1.049538 -39257.813845
 0.456500 1.051305 -39257.710131
 0.457000 1.052823 -39257.236958
 0.457500 1.054084 -39256.538226
 0.458000 1.055090 -39255.820961
 0.458500 1.055848 -39255.290719
 0.459000 1.056379 -39255.092563
 0.459500 1.056707 -39255.271598
 0.460000 1.056871 -39255.760929
 0.460500 1.056915 -39256.399237
 0.461000 1.056894 -39256.974801
 0.461500 1.056870 -39257.287189
 0.462000 1.056913 -39257.212000
 0.462500 1.057095 -39256.749226
 0.463000 1.057484 -39256.035769
 0.463500 1.058146 -39255.310444
 0.464000 1.059131 -39254.836660
 0.464500 1.060476 -39254.807856
 0.465000 1.062198 -39255.273330
 0.465500 1.064294 -39256.117022
 0.466000 1.066745 -39257.099337
 0.466500 1.069520 -39257.943670
 0.467000 1.072577 -39258.431088
 0.467500 1.075871 -39258.467190
 0.468000 1.079355 -39258.101223
 0.468500 1.082985 -39257.497974
 0.469000 1.086719 -39256.878194
 0.469500 1.090519 -39256.448906
 0.470000 1.094350 -39256.343120
 0.470500 1.098182 -39256.582669
 0.471000 1.101986 -39257.071457
 0.471500 1.105738 -39257.620429
 0.472000 1.109413 -39257.999900
 0.472500 1.112990 -39258.008569
 0.473000 1.116447 -39257.542088
 0.473500 1.119762 -39256.639284
 0.474000 1.122909 -39255.485666
 0.474500 1.125858 -39254.364660
 0.475000 1.128575 -39253.566991
 0.475500 1.131019 -39253.289689
 0.476000 1.133146 -39253.565721
 0.476500 1.134911 -39254.254966
 0.477000 1.136270 -39255.100248
 0.477500 1.137184 -39255.823319
 0.478000 1.137623 -39256.220708
 0.478500 1.137568 -39256.224529
 0.479000 1.137010 -39255.911965
 0.479500 1.135951 -39255.468105
 0.480000 1.134405 -39255.120134
 0.480500 1.132397 -39255.065239
 0.481000 1.129960 -39255.411212
 0.481500 1.127139 -39256.142999
 0.482000 1.123990 -39257.121749
 0.482500 1.120577 -39258.117134
 0.483000 1.116977 -39258.867429
 0.483500 1.113272 -39259.154876
 0.484000 1.109555 -39258.876756
 0.484500 1.105919 -39258.088456
 0.485000 1.102456 -39256.998156
 0.485500 1.099251 -39255.906584
 0.486000 1.096376 -39255.107421
 0.486500 1.093890 -39254.784414
 0.487000 1.091829 -39254.947501
 0.487500 1.090214 -39255.435509
 0.488000 1.089051 -39255.983528
 0.488500 1.088331 -39256.324843
 0.489000 1.088038 -39256.285574
 0.489500 1.088149 -39255.838309
 0.490000 1.088640 -39255.101856
 0.490500 1.089485 -39254.294971
 0.491000 1.090659 -39253.664571
 0.491500 1.092137 -39253.411495
 0.492000 1.093896 -39253.632926
 0.492500 1.095912 -39254.293850
 0.493000 1.098162 -39255.233174
 0.493500 1.100625 -39256.203765
 0.494000 1.103274 -39256.938955
 0.494500 1.106084 -39257.230662
 0.495000 1.109021 -39256.997616
 0.495500 1.112044 -39256.319658
 0.496000 1.115106 -39255.420410
 0.496500 1.118145 -39254.596994
 0.497000 1.121090 -39254.117934
 0.497500 1.123865 -39254.127449
 0.498000 1.126385 -39254.595491
 0.498500 1.128568 -39255.334515
 0.499000 1.130340 -39256.074665
 0.499500 1.131634 -39256.564648
 0.500000 1.132400 -39256.657963
