La DZVP
 1
 2 0 3 7 3 2 2 1
2.23164410  0.34555125  0.07972580 -0.06753446 -0.11931371  0.14853851  0.05894706 -0.02224678  0.56702231
2.16099087 -0.55492585 -0.19942426  0.21734000  0.30938728 -0.45059782 -0.19414604  0.02634698 -0.68392492
1.41317457 -0.22574477  0.13096275 -0.10385040 -0.09036564  0.20137705  0.13048510 -0.10320091  0.42455000
0.50086179  0.45730281  0.02849428 -0.52518821 -0.19842106  0.66541064  0.32583473  0.64313338  0.08446893
0.21269094  0.28098729 -0.22727265 -0.07955497 -0.27229521  0.30492739  0.63634259  0.35254095  0.14660319
0.08321277  0.45714694  0.18969240  0.80314351 -0.68479828 -0.33821727  0.61836430 -0.51775967  0.03697985
0.03171828 -0.15693279  0.92101820 -0.10112546 -0.54718691 -0.29017621  0.21984455 -0.42682521  0.02224173



